0 -0.18 -0.06 0.94 0 -0.06 0 0.32 0 0.06 0.06 0.14 1.396 0.029 0.54 0.58 
0 0.58 0.6 0.52 0 0.56 0.56 0.52 0 0.66 0.66 0.62 1.396 0.029 -0.16 -0.12 
0 0.34 0.36 0.32 0 0.38 0.38 0.32 0 0.48 0.56 1.02 1.396 0.029 -0.18 -0.1 
0 -0.08 0.82 0.76 0 0.54 0.54 1.22 0 1.42 1.42 1.36 1.396 0.029 0.54 0.56 
0 0.52 0.52 0.48 0 0.54 0.56 0.5 0 0.58 0.6 0.54 1.396 0.029 0.16 0.18 
0 0.3 0.34 0.28 0 0.44 0.44 0.38 0 0.66 0.7 0.62 1.396 0.029 -0.14 0.86 
0 0.82 0.84 0.78 0 0.42 0.46 0.64 0 0.26 0.3 0.22 1.396 0.029 0.12 0.12 
0 0.3 0.32 0.24 0 0.18 0.2 0.14 0 0.08 0.08 0.02 1.396 0.029 -0.02 0.02 
0 -2.98023e-08 0.86 0.78 0 -0.16 0.92 0.84 0 -0.08 0.88 0.8 1.396 0.029 0.46 0.5 
0 -0.18 -0.16 0.4 0 0.1 0.1 0.12 0 0.36 0.38 0.32 1.396 0.029 0.34 0.34 
0 -0.1 -0.02 0.36 0 -0.18 0.44 0.36 0 0.14 0.26 0.24 1.396 0.029 0.9 0.92 
0 0.24 0.26 0.2 0 0.3 0.3 0.24 0 0.38 0.4 0.34 1.396 0.029 -0.16 0.46 
0 0.44 0.44 0.4 0 0.42 0.44 0.38 0 0.4 0.4 0.34 1.396 0.029 0.3 0.32 
0 0.44 0.46 0.44 0 0.46 0.5 0.48 0 0.48 0.5 0.44 1.396 0.029 -0.18 -0.14 
0 0.8 0.82 0.74 0 1.42 1.42 1.36 0 1.42 1.42 1.36 1.396 0.029 -0.12 -0.06 
0 0.34 0.34 0.3 0 0.24 0.28 0.34 0 0.54 0.54 0.5 1.396 0.029 -0.04 -0.02 
0 0.62 0.66 0.58 0 0.5 0.52 0.46 0 0.48 0.5 0.44 1.396 0.029 0.14 0.16 
0 0.04 0.26 0.84 0 -0.1 0.64 0.6 0 -0.18 0.78 0.7 1.396 0.029 0.3 0.3 
0 -0.18 0.84 0.8 0 -0.16 0.76 0.72 0 -0.02 0.7 0.66 1.396 0.029 0.38 0.42 
0 -0.06 0.92 0.84 0 -0.16 0.94 0.86 0 1.42 1.42 1.36 1.396 0.029 0.18 0.22 
0 0.04 0.04 0.02 0 -0.18 0.18 0.8 0 0.26 0.3 0.28 1.396 0.029 0.7 0.7 
0 -0.18 -0.16 0.2 0 -0.12 -0.08 0.24 0 -0.02 0.02 0.14 1.396 0.029 0.38 0.38 
0 -0.16 0.48 0.56 0 -0.1 -0.08 0.18 0 -0.02 0.02 -0.04 1.396 0.029 -0.16 1.16 
0 0.18 0.2 0.16 0 -0.18 0.52 0.48 0 -0.02 0.44 0.9 1.396 0.029 0.32 0.32 
0 -0.06 0.1 1 0 -0.18 0.12 1.28 0 -0.14 0.28 1.18 1.396 0.029 0.04 0.08 
0 -0.08 0.88 0.84 0 0.08 0.86 0.78 0 0.54 0.66 0.58 1.396 0.029 0.34 0.38 
0 0.6 0.62 0.58 0 0.5 0.52 0.46 0 0.42 0.46 0.38 1.396 0.029 -0.06 0.96 
0 0.44 0.44 0.4 0 0.52 0.54 0.5 0 0.7 0.72 0.64 1.396 0.029 -0.08 -0.08 
0 0.54 0.54 0.48 0 0.14 0.66 0.58 0 -0.18 0.52 0.52 1.396 0.029 0.06 0.08 
0 0.64 0.64 0.6 0 0.6 0.62 0.56 0 0.7 0.74 0.68 1.396 0.029 -0.16 0.4 
0 -0.18 0.36 0.86 0 2.98023e-08 2.98023e-08 0.3 0 0.32 0.36 0.32 1.396 0.029 0.48 0.52 
0 0.52 0.54 0.46 0 0.58 0.6 0.56 0 0.66 0.66 0.6 1.396 0.029 0.14 0.18 
0 0.4 0.56 0.52 0 0.44 0.48 0.4 0 0.54 0.56 0.5 1.396 0.029 -0.18 -0.16 
0 0.36 0.42 0.5 0 0.54 0.54 0.48 0 0.78 0.8 0.76 1.396 0.029 0.16 0.18 
0 0.06 0.08 0.12 0 -0.12 0.42 0.36 0 0.6 0.62 0.58 1.396 0.029 0.28 0.32 
0 0.04 0.52 0.46 0 0.28 0.88 0.84 0 1.42 1.42 1.36 1.396 0.029 0.32 0.36 
0 0.58 0.62 0.54 0 0.66 0.68 0.6 0 0.72 0.74 0.7 1.396 0.029 -0.18 -0.14 
0 0.14 0.18 0.1 0 0.08 0.1 0.04 0 0.18 0.22 0.14 1.396 0.029 -0.14 -0.08 
0 0.42 0.42 0.36 0 0.42 0.44 0.4 0 0.68 0.7 0.64 1.396 0.029 2.98023e-08 2.98023e-08 
0 0.1 0.12 0.04 0 0.1 0.14 0.14 0 0.14 0.14 1.22 1.396 0.029 0.44 0.44 
0 -0.18 0.66 0.6 0 0.28 0.34 0.3 0 0.42 0.44 0.38 1.396 0.029 0.16 0.2 
0 0.36 0.38 0.3 0 -0.14 0.38 0.3 0 -0.06 0.24 0.16 1.396 0.029 0.54 0.56 
0 -0.06 -0.04 0.12 0 -0.1 -0.1 0.4 0 -0.18 -0.04 0.66 1.396 0.029 0.64 0.64 
0 0.42 0.44 0.38 0 0.48 0.5 0.42 0 0.66 0.68 0.64 1.396 0.029 -0.18 -0.12 
0 -0.18 -0.16 0.28 0 -0.06 2.98023e-08 0.88 0 0.58 0.64 0.8 1.396 0.029 0.3 0.3 
0 0.56 0.58 0.54 0 0.48 0.52 0.44 0 0.56 0.56 0.5 1.396 0.029 -0.18 -0.16 
0 0.5 0.52 0.46 0 0.5 0.52 0.46 0 0.54 0.56 0.5 1.396 0.029 0.14 0.18 
0 0.38 0.42 0.34 0 0.6 0.6 0.54 0 0.74 0.76 0.74 1.396 0.029 -0.16 -0.1 
0 0.36 0.76 0.68 0 0.4 0.7 0.62 0 0.56 0.58 0.52 1.396 0.029 -0.18 -0.16 
0 -0.1 0.32 0.44 0 -0.18 0.28 0.56 0 -0.18 0.1 0.58 1.396 0.029 0.68 0.72 
0 0.58 0.58 0.54 0 0.5 0.52 0.44 0 0.4 0.44 0.36 1.396 0.029 -0.12 -0.1 
0 -0.18 1.08 1.04 0 0.44 0.44 0.86 0 0.6 0.6 0.54 1.396 0.029 -0.12 -0.12 
0 0.28 0.28 0.24 0 0.48 0.5 0.42 0 1.42 1.42 1.36 1.396 0.029 0.14 0.18 
0 -0.18 0.6 0.6 0 -0.12 0.22 0.5 0 2.98023e-08 0.04 0.26 1.396 0.029 0.42 0.42 
0 0.5 0.5 0.44 0 0.2 0.56 0.5 0 -0.14 0.74 0.66 1.396 0.029 0.16 0.2 
0 0.6 0.64 0.56 0 0.62 0.64 0.6 0 1.42 1.42 1.36 1.396 0.029 0.08 0.12 
0 0.06 0.06 0.02 0 -0.08 0.02 0.18 0 -0.18 2.98023e-08 0.32 1.396 0.029 0.4 0.4 
0 -0.16 -0.12 -0.04 0 -0.18 -0.06 0.16 0 0.28 0.3 0.22 1.396 0.029 0.1 0.16 
0 -0.18 -0.06 0.7 0 -0.18 -0.06 0.44 0 -0.1 -0.08 0.66 1.396 0.029 0.34 0.38 
0 -0.04 -0.02 0.88 0 -0.18 -0.16 1.04 0 -0.18 -0.14 0.92 1.396 0.029 0.24 0.24 
0 0.4 0.48 1 0 -0.02 0.82 0.74 0 0.62 0.64 0.58 1.396 0.029 -0.14 -0.14 
0 0.42 0.44 0.36 0 0.48 0.5 0.46 0 0.54 0.54 0.5 1.396 0.029 0.3 0.32 
0 -0.14 -0.1 1.26 0 -0.18 -0.16 0.06 0 -0.18 -0.14 -0.16 1.396 0.029 0.92 0.96 
0 -0.1 -0.08 -0.16 0 -0.18 -0.12 0.06 0 -0.04 2.98023e-08 2.98023e-08 1.396 0.029 0.54 0.58 
0 -0.16 0.4 0.82 0 -0.18 0.38 0.94 0 0.18 0.2 0.54 1.396 0.029 0.7 0.76 
0 0.38 0.42 0.34 0 0.42 0.44 0.38 0 0.44 0.48 0.42 1.396 0.029 0.02 0.02 
0 0.46 0.48 0.4 0 0.48 0.5 0.42 0 1.42 1.42 1.36 1.396 0.029 0.3 0.34 
0 0.06 0.1 0.04 0 0.16 0.16 0.1 0 0.34 0.36 0.28 1.396 0.029 -0.16 0.2 
0 0.42 0.46 0.38 0 -0.18 0.66 0.58 0 -0.16 0.26 0.2 1.396 0.029 0.1 0.1 
0 0.5 0.5 0.44 0 0.48 0.48 0.42 0 0.74 0.76 0.68 1.396 0.029 -0.18 -0.16 
0 0.06 0.08 0.02 0 -0.14 -0.1 -0.16 0 -0.18 -0.16 -0.2 1.396 0.029 0.2 0.24 
0 0.52 0.54 0.48 0 0.62 0.66 0.58 0 0.74 0.74 0.7 1.396 0.029 -0.16 -0.16 
0 0.14 0.7 0.66 0 0.5 0.52 0.46 0 0.54 0.56 0.52 1.396 0.029 -0.16 -0.16 
