0.780618 -0.420329 0.462556 4.00406 -165.912 113.979 127.165
-0.570386 -0.821104 -0.0211391 2.32632 -18.1109 81.9261 161.992
-0.585205 -0.167502 -0.793397 4.09636 -47.9062 210.842 -131.151
0.602541 0.456406 -0.654704 4.05966 170.628 272.589 32.4308
0.323017 0.210592 -0.922665 4.89507 212.036 122.021 -73.7489
-0.927999 -0.372582 -0.000890053 4.10972 -74.332 335.615 -6.74164
0.112396 -0.702513 -0.70274 4.40107 41.8909 -100.731 -76.0889
-0.439803 -0.604749 -0.663967 3.37438 -173.024 3.93208 -75.1753
0.912321 -0.399419 0.0901964 3.49923 -0.611978 194.861 186.265
0.195248 -0.215082 -0.956879 2.41108 18.0108 71.8876 -240.405
0.745727 -0.487357 -0.454285 2.74893 234.011 162.147 60.9019
-0.608726 0.46411 -0.643471 2.22555 -143.932 67.6947 88.9359
0.617014 -0.731734 -0.289584 2.68256 225.182 80.8579 42.6008
-0.25393 -0.337306 -0.906501 4.08203 -7.78103 144.382 -188.094
0.127265 -0.122338 -0.984295 3.90995 35.804 280.317 -127.79
0.511028 0.175894 -0.841375 1.20594 -66.1422 107.688 -184.582
-0.393906 -0.878129 0.271529 3.85111 -137.174 70.7364 117.263
-0.819831 -0.53068 0.215071 2.81065 43.5975 203.635 195.008
0.199882 -0.328731 -0.923029 2.13028 59.4989 162.466 -182.161
-0.84949 -0.521711 -0.0786432 2.78342 -32.8863 193.218 181.714
0.34136 0.554358 -0.759052 5.37713 214.625 -19.9803 -143.938
0.402428 -0.368547 -0.837989 2.17358 156.495 84.2735 -182.016
0.489618 -0.622948 0.61009 3.00911 -18.9257 316.812 92.9791
-0.652028 0.407342 -0.639478 5.7856 99.706 45.1579 -203.596
-0.181073 -0.322017 -0.929257 3.84178 -64.8466 148.661 -191.567
-0.082989 -0.246437 -0.965599 2.19642 -51.9878 149.386 -166.586
-0.175898 0.349788 -0.920168 2.17314 -122.642 255.587 -43.6139
-0.731804 -0.576996 0.362682 3.24993 -46.755 203.14 129.599
0.318806 -0.0681105 -0.94537 3.94452 199.65 105.979 -119.805
-0.526305 0.0227064 -0.849993 2.59986 -139.991 238.811 -24.5172
-0.390696 -0.900885 0.189112 3.36099 -100.525 110.173 210.818
-0.0315412 0.0881311 -0.995609 4.81952 160.868 182.763 -137.986
0.825549 -0.350223 0.442509 3.44368 -20.3628 161.965 171.979
-0.159204 0.188309 -0.96912 4.87871 165.743 163.243 -140.263
-0.57452 0.261811 -0.775488 4.02184 3.25692 333.078 -61.9137
-0.555156 -0.255645 -0.791484 3.84924 -148.142 285.775 -81.8707
-0.301003 -0.104862 -0.94784 4.23069 65.8586 197.065 -150.465
-0.166109 -0.704758 0.689727 3.21005 9.89852 285.526 118.996
0.380438 0.163649 -0.910212 2.10235 -63.7882 171.66 -153.889
0.245637 0.80852 -0.534751 6.01408 89.7556 -45.2449 -180.235
0.896796 0.0806964 -0.435024 0.79205 47.8293 103.76 -227.386
0.98103 0.0995823 -0.166325 4.77817 31.3759 -149.887 69.4088
0.339491 -0.535584 -0.773237 2.16338 178.791 102.765 -139.604
-0.667624 -0.582518 0.463627 3.18546 -18.4474 209.826 130.338
-0.534397 0.235794 -0.811678 5.15249 127.805 204.901 -184.515
0.794247 -0.509588 0.330896 3.03463 80.6592 166.297 153.155
0.908218 -0.413735 0.0629575 2.92734 157.341 179.377 142.263
-0.471764 -0.792757 0.385972 2.85344 -16.9622 181.985 170.551
-0.111744 -0.323014 -0.939774 4.58581 60.8871 87.7539 -174.6
-0.339076 0.425635 -0.838965 1.87782 -217.166 147.856 -77.6074
-0.856655 -0.472397 -0.207322 5.26714 -77.9411 68.3345 -163.96
0.365901 -0.161646 -0.916508 3.01923 95.1995 232.273 -147.668
-0.784576 -0.210124 -0.583342 1.43592 -56.3948 -135.515 38.1786
0.40134 -0.0254522 -0.915576 1.88193 37.5206 240.658 -195.372
0.679906 -0.395466 -0.617523 5.2182 53.9696 -138.96 -55.2559
0.154368 -0.283434 -0.946486 5.02217 123.613 125.561 -154.253
0.561866 -0.608178 -0.560738 1.9564 222.148 64.7059 -90.5817
-0.704322 -0.19436 -0.682755 2.18656 -189.553 -3.4569 0.794688
-0.580902 -0.269928 -0.767914 4.80954 -62.4829 136.736 -187.616
-0.150542 -0.195428 -0.969095 4.29504 26.9874 87.3685 -224.798
0.117645 -0.242105 -0.963091 3.31266 41.0849 189.97 -182.245
0.0979956 0.223557 -0.969752 4.6992 188 197.411 -117.051
-0.00316483 -0.977155 -0.212502 3.17747 42.4845 -98.3855 179.854
0.733881 -0.67925 -0.00612492 3.91305 -17.6665 -96.694 205.795
0.00168875 -0.00155767 -0.999997 2.34816 -52.8066 236.564 -205.914
0.0929417 -0.865895 -0.491516 3.73878 23.6406 -129.62 -23.8494
-0.0112833 0.147332 -0.989023 3.16718 -27.6879 331.944 -127.142
0.990018 -0.128756 0.0573246 4.3464 24.3579 -32.4374 173.182
0.399482 -0.112544 -0.909807 4.10842 203.274 64.9341 -118.476
-0.786028 0.541859 -0.297572 5.3192 163.226 77.7262 -142.651
-0.370679 -0.422552 -0.827071 3.34887 -174.162 38.9568 -144.668
-0.384727 -0.040512 -0.922141 4.39549 71.7717 193.028 -143.537
0.875718 0.178927 -0.448444 1.10956 10.9424 125.877 -199.276
