0.546194 -0.565123 0.618311 3.46594 -110.77 70.9759 35.6039
0.520513 -0.525205 0.673221 3.05023 -84.1185 106.621 18.3466
0.326626 -0.333409 0.884395 3.56848 -96.1329 64.1216 -72.8539
0.0790886 -0.0835251 0.993362 4.65935 -31.3029 0.749198 -133.183
0.692734 -0.720901 -0.0205415 5.13499 -85.6552 -94.5355 -50.3148
0.671059 -0.700982 -0.241463 4.71126 -66.369 -119.251 -2.57483
0.0823196 -0.132454 -0.987765 2.55621 25.5473 -19.5073 -133.462
0.314891 -0.341188 -0.885683 3.67736 53.1891 -93.2422 -85.5794
0.423187 -0.476813 0.77043 2.02793 3.2142 125.022 -54.0457
0.649126 -0.717269 -0.253299 5.4864 -60.3195 -79.0685 -94.5548
0.0260498 -0.0326425 0.999128 4.79728 -16.5702 -0.473557 -136.253
0.669878 -0.683665 0.289595 3.36276 -65.2438 33.1944 115.819
0.465174 -0.499922 0.730542 3.26657 -97.4258 94.9967 -1.76336
0.604752 -0.626992 0.491077 3.98751 -128.609 7.27145 43.8469
0.691933 -0.721858 -0.0122567 3.07679 17.5528 3.95696 135.862
0.302187 -0.313672 0.900163 5.10706 -70.02 -18.7069 -116.08
0.416412 -0.450587 -0.789666 4.16067 25.2037 -120.738 -60.0655
0.405128 -0.431227 0.806173 3.73078 -115.687 59.5919 -41.1325
0.308002 -0.311979 -0.898779 1.65907 76.7793 -0.309088 -113.709
0.66489 -0.69685 -0.268927 3.97431 -19.927 -110.144 76.8816
0.274784 -0.281194 0.919469 4.09691 -90.9519 29.3103 -96.2017
0.147518 -0.159918 -0.976045 2.45032 43.7384 -18.4443 -128.822
0.660573 -0.713182 0.234554 3.9175 -97.5472 -26.0424 90.8467
0.673978 -0.694589 -0.251595 1.91136 124.046 51.4111 26.5553
0.0715911 -0.0782537 0.99436 4.70415 -28.8181 0.142 -133.439
