0.226345
0.269881
0.207416
0.236408
0.219456
0.168423
0.216109
0.237494
0.263591
0.160668
0.286967
0.219522
0.138934
0.267607
0.193547
0.220827
0.345793
0.253731
0.248915
0.222425
0.0872742
0.228725
0.221616
0.329227
0.179019
0.301651
0.202038
0.284982
0.216054
0.190502
0.124192
0.134978
0.145782
0.253215
0.231516
0.172705
0.28345
0.181137
0.067296
0.322086
0.202952
0.320628
0.257527
0.27735
0.239263
0.216852
0.215
0.325089
0.237696
0.122804
0.210996
0.151021
0.123939
0.242952
0.288532
0.221744
0.236246
0.335755
0.233243
0.286882
0.299519
0.186354
0.320238
0.19262
0.327288
0.214622
0.235811
0.203654
0.237051
0.246037
0.214857
0.112971
0.212227
0.289042
0.211745
0.202679
0.168982
0.265294
0.211274
0.255223
0.235496
0.272562
0.201018
0.189983
0.243051
0.219157
0.189327
0.182319
0.255841
0.3011
0.274728
0.249589
0.276216
0.168493
0.317408
0.250408
0.188562
0.220521
0.165226
0.274939
0.240649
0.24259
0.335015
0.288527
0.17679
0.140015
0.29239
0.212593
0.112458
0.122119
0.256758
0.209567
0.219549
0.214687
0.299059
0.231667
0.312798
0.308544
0.175962
0.244088
0.314242
0.225711
0.270409
0.119155
0.161906
0.224249
0.224454
0.260985
0.285049
0.266441
0.210279
0.150021
0.199146
0.266645
0.223765
0.211051
0.271329
0.349795
0.272224
0.237261
0.437286
0.260336
0.185526
0.19305
0.230932
0.145825
0.19378
0.179049
0.218537
0.291313
0.385201
0.232947
0.247273
0.26482
0.205389
0.214225
0.289891
0.285695
0.354524
0.245411
0.295094
0.279592
0.224021
0.279268
0.194652
0.218859
0.258663
0.250469
0.196372
0.259628
0.159315
0.290204
0.248236
0.131257
0.247135
0.224653
0.275527
0.4415
0.19286
0.275994
0.266651
0.225362
0.293689
0.195456
0.3142
0.266651
0.219291
0.280846
0.203869
0.257854
0.279393
0.322815
0.249062
0.111878
0.262177
0.261025
0.210216
0.234515
0.362556
0.256837
0.242059
0.227784
0.28847
0.348187
0.236064
0.196298
0.218503
0.234985
0.236729
0.224017
0.266761
0.25601
0.226825
0.156595
0.337465
0.350349
0.309095
0.203541
0.292513
0.200105
0.368196
0.291756
0.240095
0.19856
0.241245
0.222052
0.213399
0.309358
0.225074
0.337548
0.179575
0.249791
0.287274
0.201271
0.211994
0.215741
0.247743
0.1801
0.268383
0.221612
0.211592
0.225866
0.235784
0.219701
0.217052
0.225487
0.220103
0.20338
0.148964
0.322184
0.307853
0.293746
0.208962
0.173278
0.409549
0.213432
0.345285
0.187482
0.183576
0.208187
0.248234
0.210151
0.203081
0.32394
0.270699
0.270345
0.269802
0.200394
0.353
0.275785
0.29415
0
0.215899
0.248238
0.226455
0.287844
0.251318
0.222947
0.20735
0.284126
0.26122
0.226352
0.224377
0.171793
0.278405
0.318337
0.270302
0.276934
0.144918
0.255124
0.103189
0.0695038
0.213603
0.207299
0.246003
0.145338
0.193339
0.236576
0.35668
0.177742
0.214494
0.262877
0.084473
0.296922
0.287279
0.295253
0.278248
0.198141
0.279293
0.294563
0.234529
0.256352
0.295767
0.213482
0.197414
0.271904
0.186759
0.25013
0.210482
0.21675
0.221063
0.222483
0.225604
0.300028
0.211631
0.270527
0.166489
0.262929
0.289654
0.194815
0.251876
0.24475
0.370465
0.286416
0.194948
0.213127
0.291568
0.34923
0.276765
0.194023
0.258961
0.186839
0.353683
0.194032
0.298227
0.175039
0.193899
0.203945
0.186034
0.213351
0.348916
0.304377
0.288616
0.249979
0.260607
0.210865
0.203541
0.202476
0.181701
0.305054
0.203085
0.154207
0.193559
0.205157
0.22861
0.29497
0.362169
0.236037
0.279791
0.240935
0.198749
0.282289
0.197794
0.194095
0.191445
0.25606
0.22808
0.289528
0.172846
0.226747
0.217318
0.369204
0.308955
0.230604
0.230639
0.217268
0.192461
0.341097
0.347092
0.31361
0.209959
0.303057
0.297658
0.26334
0.226862
0.332042
0.184537
0.157266
0.195681
0.210305
0.379063
0.254093
0.288751
0.238117
0.211907
0.271481
0.203503
0.116055
0.297348
0.228987
0.307336
0.254085
0.293552
0.265482
0.224519
0.317012
0.105744
0.215667
0.215891
0.20186
0.244684
0.296598
0.200623
0.266166
0.22516
0.193747
0.192529
0.148524
0.180626
0.251076
0.21715
0.128837
0.254005
0.213389
0.15114
0.103363
0.255045
0.217639
0.309321
0.361109
0.200104
0.317075
0.289642
0.213715
0.256685
0.26578
0.245125
0.23311
0.252498
0.202075
0.292367
0.224632
0.271733
0.206647
0.304642
0.256935
0.301563
0.381744
0.273039
0.210169
0.274354
0.295095
0.128968
0.170434
0.238054
0.249915
0.237489
0.226876
0.273129
0.248459
0.253246
0.226394
0.217916
0.267383
0.241138
0.42646
0.217221
0.218201
0.296467
0.212289
0.408307
0.22349
0.231499
0.194397
0.105814
0.151932
0.249864
0.231767
0.180908
0.25643
0.315114
0.123359
0.322068
0.31707
0.203717
0.293109
0.259373
0.19435
0.113265
0.162427
