0.267627 -0.679213 -0.683408 3.67103 97.9083 -56.2468 149.501
0.346007 -0.54519 -0.763575 1.55393 157.965 31.1119 57.9048
-0.479056 -0.246647 -0.84242 3.63398 -71.4493 227.698 80.2614
-0.781782 -0.570808 -0.250989 2.58452 -15.8978 134.627 331.317
-0.03597 0.129881 -0.990877 4.60735 128.044 221.688 11.5687
0.860401 0.355441 -0.365202 1.56934 -0.887032 366.129 139.075
0.515296 -0.583646 -0.627556 4.14192 114.438 -125.937 190.279
-0.481715 -0.559854 0.674177 2.73275 198.159 317.714 284.38
0.255799 0.383287 -0.887501 3.62917 200.714 334.416 160.578
0.401933 0.393233 -0.826933 4.30088 228.359 240.399 160.213
0.680862 -0.641389 0.35362 2.4265 107.549 400.383 259.217
0.59771 -0.580235 -0.553236 2.09903 239.383 183.101 160.636
-0.978004 -0.0129719 -0.20818 4.86341 28.3085 356.054 102.218
0.571802 0.529997 -0.626216 1.90178 -2.75013 404.714 165.966
-0.42272 -0.78695 0.449464 3.78601 -12.8527 331.905 337.715
-0.677304 -0.219852 0.702086 3.05364 208.934 313.859 256.627
0.67294 0.205311 -0.710633 3.56861 241.564 256.603 244.615
0.460726 -0.279405 -0.842416 2.37233 190.65 269.361 96.2794
-0.700577 0.260528 -0.664317 4.98038 90.1655 326.33 67.6661
-0.327896 0.347785 -0.878368 1.72235 -105.681 222.894 112.219
-0.802512 0.103468 -0.587596 5.02973 8.91091 348.245 35.1035
-0.487295 -0.552658 -0.676101 3.50684 -94.2189 155.224 156.396
0.171096 -0.191291 -0.966506 2.60229 121.423 251.104 40.1613
-0.279341 -0.649571 0.707125 3.26728 104.563 393.943 265.876
-0.591532 -0.48369 -0.645085 3.72188 -114.83 207.911 167.37
-0.559918 0.335465 -0.757599 3.76035 -9.03213 410.233 150.315
0.27451 -0.956098 -0.102569 3.92773 -11.0616 -58.0783 343.826
0.810779 -0.161043 -0.562763 2.03829 162.762 371.329 168.07
-0.455819 -0.0278086 -0.889638 1.10436 -38.1989 -34.3038 66.362
-0.512954 -0.575791 0.636665 2.31963 224.225 255.898 267.177
0.341812 -0.715406 0.609392 3.36018 -21.6565 351.272 300.815
-0.46703 0.532468 -0.705947 1.92945 -141.945 281.125 195.556
0.872035 -0.32878 0.362573 2.39069 59.7484 390.119 247.149
0.659955 -0.721186 0.210593 3.48635 2.69453 271.751 401.25
0.098819 0.156221 -0.982766 4.57274 155.756 230.232 52.4443
0.866807 -0.401166 -0.296163 2.832 179.914 297.817 321.266
-0.182297 -0.690962 -0.699528 3.14675 -6.67433 87.5924 153.04
-0.355599 -0.497651 -0.791134 2.15772 11.0436 -81.9048 84.4944
-0.370119 -0.810697 0.453632 3.22705 106.396 340.086 384.34
0.40511 -0.823421 -0.397321 2.64274 222.25 -34.3325 268.93
-0.748968 -0.583557 -0.313859 2.31386 1.73481 113.91 288.96
-0.290156 -0.946053 0.144198 2.06246 200.909 -35.2433 289.84
0.750885 -0.231382 -0.618575 4.49338 161.444 38.35 193.118
-0.423573 -0.660066 -0.620403 2.71366 -34.6974 -29.2387 209.94
-0.776244 -0.624863 -0.0836199 2.29831 37.8378 151.175 316.07
0.682649 -0.66949 0.292872 3.61253 -24.2257 276.306 368.962
0.779049 -0.522659 0.346281 2.13712 113.245 379.638 237.395
0.587993 0.722365 -0.36394 4.88579 197.374 -72.3067 189.821
-0.9698 -0.175631 -0.169239 4.31547 -41.4823 385.462 203.839
0.574952 -0.261729 -0.775196 3.564 221.176 181.127 172.853
0.0557088 0.0121575 -0.998373 2.00566 29.4287 292.615 36.5707
0.908601 -0.411961 0.0687946 3.58197 27.0529 234.19 385.719
0.263957 -0.331832 -0.905657 1.65611 122.351 44.7141 24.5336
-0.98022 -0.192018 0.0479403 3.45803 16.9751 328.286 382.355
-0.747658 -0.655381 0.107166 2.47991 114.072 152.887 384.385
0.90397 0.0535466 -0.424229 4.497 152.629 72.1154 262.933
0.66394 -0.240929 -0.70791 2.56695 219.235 303.341 174.143
-0.345016 -0.0574598 -0.936836 3.5918 -15.5143 283.318 49.2102
-0.656531 -0.152078 -0.738809 3.50359 -144.783 260.999 136.322
-0.120883 -0.555266 -0.822841 1.81533 105.367 -84.2764 36.4373
-0.507264 -0.513991 -0.691735 3.09087 -87.7668 144.032 158.464
-0.9081 -0.40416 0.109588 4.11432 -50.1447 355.576 276.999
0.53912 -0.683707 0.491828 3.02393 6.97094 372.375 340.835
-0.679691 -0.718581 0.147179 3.96922 -67.9158 302.093 319.444
-0.474453 -0.660929 0.581435 2.9584 180.131 345.069 325.868
-0.537012 0.483291 -0.69141 3.87538 54.2721 414.732 180.198
-0.915759 -0.210969 0.341875 2.8025 140.163 235.708 364.447
-0.690775 -0.459458 -0.558327 3.88268 -121.56 241.791 181.831
0.311883 -0.537285 -0.783616 3.75785 147.169 -4.33167 102.983
0.963268 -0.0822742 -0.255627 3.04142 125.97 303.923 357.281
-0.0738295 0.654511 -0.752439 1.83211 -119.76 308.587 165.407
0.512618 0.0200592 -0.858382 3.53724 236.635 240.86 149.654
-0.60604 -0.438947 0.663356 2.58085 217.383 275.137 275.75
0.795428 -0.161537 -0.584123 1.43255 142.416 377.792 78.1655
0.518431 0.230054 -0.823592 2.7812 113.321 371.337 179.661
-0.760139 -0.0937179 -0.642967 1.82407 -98.8686 -72.5705 170.819
-0.903139 -0.312135 -0.294807 4.61156 -62.3331 384.159 157.142
0.605694 -0.567275 0.557973 3.90608 -94.7857 295.098 289.698
0.951404 -0.29443 0.0902336 2.29563 106.355 386.282 261.918
-0.424216 -0.111071 -0.898724 3.58337 -44.9222 271.086 63.1529
-0.944316 -0.322124 -0.0671151 3.18737 -22.9993 253.21 399.604
-0.888547 -0.402532 0.220121 4.70787 -31.932 393.962 170.995
-0.721092 -0.487303 -0.492507 2.70144 -73.8934 123.98 268.523
-0.143211 -0.928809 -0.341767 3.40709 1.05504 -113.861 319.206
-0.412415 -0.662896 -0.624887 2.59867 -13.8525 -113.223 192.097
-0.622554 -0.725782 0.29269 1.75238 200.572 -67.4872 256.642
0.397486 -0.753409 0.523812 3.72149 -76.7815 338.326 325.75
0.206405 0.393061 -0.896047 1.56791 -38.862 330.913 78.5838
-0.631711 -0.588945 0.504069 2.44803 197.133 246.798 317.473
0.358696 -0.624313 -0.693953 3.8384 141.222 -44.0959 143.816
-0.91387 -0.0877056 -0.396421 4.01629 -74.2607 356.262 217.741
-0.0119524 -0.310037 -0.950649 1.35164 49.4375 4.58929 28.8128
0.206334 -0.693998 0.689778 2.741 94.4494 356.629 272.75
0.91867 -0.229428 -0.321571 4.66098 98.6037 -148.318 242.413
-0.917808 -0.196544 -0.344962 3.20008 -89.7067 257.677 312.685
-0.208122 0.661553 -0.720439 3.514 97.77 405.089 228.402
0.162401 -0.703301 -0.692094 3.27163 159.271 17.5822 181.307
-0.339466 0.371713 -0.864055 3.45919 -5.84472 411.872 122.962
0.030311 -0.764761 0.6436 2.87958 101.996 357.867 297.288
-0.690288 0.0977657 -0.716899 1.1391 -70.2036 -71.7592 97.7115
-0.413414 0.307744 -0.856961 2.35874 -96.0405 316.977 148.481
0.388112 -0.710712 0.586735 2.56509 113.51 369.713 271.631
0.316155 -0.718065 0.620023 2.54437 115.848 367.052 266.366
0.152146 -0.0322831 -0.987831 1.63897 35.8112 282.158 35.5707
0.214204 -0.399932 -0.891163 3.81981 121.938 161.826 92.0688
0.233258 0.411644 -0.880988 4.21207 217.037 276.233 135.824
-0.0298817 0.695261 -0.718136 2.60984 -8.17224 394.147 250.499
-0.260146 -0.868475 -0.42199 4.83589 -100.847 -34.2422 148.007
-0.874879 -0.0579556 -0.480862 1.99383 -100.533 140.908 249.709
-0.897181 -0.428862 0.105563 3.48722 14.272 332.015 327.712
-0.439224 -0.624575 -0.645747 2.55753 -26.7038 -108.198 177.665
-0.861729 -0.491225 0.126969 2.02461 123.576 -85.1929 323.752
-0.785653 -0.318331 0.530485 2.84855 184.676 286.156 323.263
-0.401743 -0.895665 -0.190752 2.28588 132.445 -113.734 305.882
0.141011 0.442469 -0.885628 2.77275 43.5839 389.97 163.806
-0.575107 -0.575269 -0.581651 2.21116 -44.6689 -44.9305 215.92
-0.376439 -0.219502 -0.900063 3.1263 -52.0273 215.428 62.3191
-0.382596 -0.869335 0.312854 1.75248 221.022 -31.4825 238.736
-0.831698 -0.44151 -0.336672 3.76852 -113.214 276.344 258.71
0.865269 -0.415194 0.280932 3.17111 -6.0411 321.383 356.82
-0.473778 0.263915 -0.840169 1.94822 -109.369 249.083 138.795
0.60505 -0.47232 -0.640959 2.70469 230.791 242.823 204.401
-0.483629 -0.840665 -0.243691 3.23933 -31.3891 -67.2211 333.831
-0.458932 -0.218487 -0.861188 2.50451 -74.545 189.271 86.8036
-0.0958086 -0.99329 -0.0647816 2.18058 196.156 -49.1338 281.707
0.185704 0.373171 -0.908987 3.53012 182.672 347.509 146.959
0.291954 0.677401 -0.675197 2.55378 -3.9327 356.538 253.673
-0.621337 -0.350071 -0.700993 3.90927 -104.327 247.993 127.157
-0.667428 0.477765 -0.57121 0.905818 -74.6989 -54.4225 117.127
0.821554 -0.462195 -0.333804 3.44741 162.595 200.641 349.621
-0.238208 0.443665 -0.863955 2.79411 -34.8459 377.846 163.759
0.48905 -0.851695 -0.188274 2.8696 180.723 1.43987 336.926
0.882539 -0.375854 -0.282592 1.47847 158.495 389.17 119.021
0.672601 0.0213613 -0.739697 3.67061 184.986 250.438 222.328
-0.0944963 0.690322 -0.717305 2.92199 29.6401 402.718 253.993
-0.977991 -0.186792 -0.0929666 2.08456 18.1949 91.6642 362.02
0.267414 -0.899469 -0.345609 1.96532 227.431 -17.1853 189.787
0.857103 -0.496595 -0.136997 3.27859 117.36 242.544 375.625
0.300603 -0.929805 -0.212369 2.25153 223.409 -6.71394 257.777
-0.792652 -0.478732 0.377517 4.20837 -11.4945 407.195 280.198
0.736259 -0.425838 0.525912 3.84605 -99.2852 259.13 290.949
0.866824 -0.419844 0.268973 1.6427 101.822 398.132 149.893
0.591516 0.0522151 -0.804601 1.36634 66.607 327.898 43.3535
-0.693262 0.118584 -0.710863 3.65098 -65.1571 356.079 151.087
0.205592 -0.898798 -0.387163 2.58004 202.678 -73.9612 264.758
0.972818 -0.22354 0.0604499 3.08336 39.9054 308.476 369.523
0.774606 -0.256952 -0.577893 4.28079 184.101 97.1468 241.1
0.0634028 -0.693902 -0.717272 2.17902 178.703 -92.0684 97.9272
0.0364757 0.237586 -0.970681 3.01752 98.9846 373.251 112.805
0.91742 -0.265748 0.296174 3.30004 -37.4097 291.485 347.042
0.870067 -0.492903 0.00552481 3.11923 89.1984 283.898 383.408
0.596821 -0.371786 -0.711042 2.27105 212.842 290.702 136.841
0.885065 0.0111368 -0.465334 4.13482 179.207 145.518 301.336
0.753799 -0.214836 -0.620993 1.60738 155.777 359.582 97.0205
0.918009 -0.392951 0.05338 3.47079 38.6073 247.679 386.124
-0.140907 -0.319675 -0.936992 3.03553 28.7425 185.186 33.3673
-0.352889 -0.523332 -0.775624 3.20904 -54.0197 132.951 110.318
-0.391972 -0.697031 0.600422 4.03385 -12.3809 393.22 257.529
-0.856566 -0.441046 0.267904 1.99854 153.649 130.37 311.653
-0.886117 -0.326759 0.328671 3.79104 69.0948 389.063 295.876
0.94317 -0.137215 -0.302658 4.58054 108.56 -108.838 274.48
-0.877958 -0.47869 -0.00679511 2.99744 8.93181 217.428 390.378
-0.278735 -0.277274 -0.91947 4.12459 -8.22538 202.573 39.1286
-0.521681 -0.43781 0.732238 3.08274 179.133 354.736 243.368
-0.135204 -0.195969 -0.971245 2.07359 14.7208 213.73 31.6152
-0.863951 -0.329063 0.38119 4.14826 16.0599 391.116 262.07
0.502456 -0.503982 0.702524 2.97479 -5.86271 402.439 220.682
0.95449 -0.185903 0.233213 3.24097 -24.8158 295.368 355.882
-0.404928 0.219741 -0.887551 2.4596 -85.437 309.514 122.181
0.867017 -0.00377696 -0.498264 4.28332 164.979 119.534 280.271
0.371324 -0.718896 0.587628 2.53672 122.85 365.988 277.475
-0.934442 -0.254783 0.248804 2.36163 125.408 173.749 359.598
0.674342 0.14949 -0.723129 2.02949 131.32 422.612 144.198
-0.43006 0.1682 -0.886994 3.05149 -61.4703 338.245 116.272
0.829126 -0.360217 -0.427545 4.52907 105.202 -121.721 246.253
0.720287 -0.185361 0.668452 3.59772 -116.821 276.594 224.228
-0.478849 0.629518 -0.611891 4.07302 117.806 397.412 214.965
0.933807 0.115579 -0.338593 4.55862 144.673 102.898 270.453
0.814756 -0.228339 -0.532949 2.82099 212.227 307.846 266.585
0.196483 -0.587587 -0.784943 3.82037 93.2982 33.7114 104.982
-0.904505 -0.395084 -0.160557 3.77114 -82.0383 307.636 305.133
0.691966 0.53321 -0.486693 1.81033 -13.5622 375.172 176.358
-0.858088 -0.459405 -0.229418 2.45041 -11.9014 133.861 336.211
0.447323 -0.676943 0.584508 2.40625 124.105 370.076 259.18
-0.143746 0.479482 -0.865699 4.17706 146.8 429.858 51.9462
0.738577 -0.616585 0.27263 1.93168 146.534 387.94 196.511
0.242139 -0.665923 0.705631 3.40971 -3.11733 394.597 255.286
-0.63066 -0.47477 0.61389 3.43524 144.27 394.958 291.597
-0.980535 -0.188767 -0.0540225 3.1868 -6.82353 278.683 368.583
0.909413 -0.379083 0.171065 3.74847 -18.8876 218.79 371.661
-0.890935 -0.348972 -0.290609 3.79741 -101.745 304.958 264.781
-0.712939 -0.673289 0.195958 2.69794 105.559 1.34253 384.127
0.166039 -0.815536 0.554376 3.03358 68.9272 348.138 330.966
0.561698 -0.796624 0.223349 2.22658 204.123 338.412 299.319
-0.87687 -0.0603492 0.476924 3.93796 160.009 404.957 258.601
0.27153 0.623001 -0.733581 2.22449 -8.79521 400.481 219.73
0.454191 -0.0823623 -0.887089 4.5462 179.548 -70.1196 90.1848
0.732134 -0.454945 -0.506957 4.44238 111.878 -135.488 220.436
0.509254 -0.160681 -0.845483 2.27573 177.108 321.552 104.351
0.163772 0.57978 -0.798144 1.81855 -62.2512 324.394 146.137
