-0.225665 -0.809829 0.541527 3.43292 18.5157 367.597 321.054
-0.818085 -0.0538666 -0.572569 4.79126 9.59836 339.065 97.0605
-0.847065 0.106402 -0.52073 4.3154 43.1064 402.523 206.894
-0.562029 0.479822 -0.673717 1.93461 -136.24 193.222 210.94
0.0315992 -0.528966 -0.848055 2.49427 79.1117 121.529 74.089
-0.710727 -0.681098 0.175989 2.97845 76.2993 259.614 402.511
0.346024 0.140845 -0.927594 2.86031 137.764 342.576 57.2877
-0.8487 -0.495553 -0.184757 3.95932 -78.1803 345.021 260.128
0.768835 0.00787325 -0.639399 1.91156 157.009 367.352 113.863
-0.561572 -0.151415 -0.813456 3.87614 -80.1396 324.191 124.165
-0.589092 -0.528419 0.611346 4.0257 16.5317 381.816 214.654
0.847022 -0.515278 0.130545 1.95599 190.347 365.851 273.628
-0.620034 -0.270324 -0.736534 3.89881 -113.199 288.023 141.355
0.384749 -0.560975 0.732991 3.34187 -69.6208 368.952 248.183
0.782236 -0.00256283 -0.622977 3.47095 233.412 250.411 230.354
0.398108 -0.916973 -0.025912 4.74932 -75.6402 -83.5788 195.151
0.644511 -0.494769 0.582932 3.01817 -61.0984 373.942 321.354
0.112959 0.700437 -0.704719 2.24303 -69.2142 361.927 201.531
-0.687375 0.221541 -0.69169 4.07462 -9.02312 415.012 183.643
-0.456706 -0.579408 -0.67506 4.2364 -129.057 219.762 112.827
-0.871068 -0.340672 -0.353811 1.71722 -2.7386 -55.8014 270.764
0.300899 -0.648864 -0.698882 3.37752 140.993 77.2071 153.299
-0.0421754 0.0411071 -0.998264 4.64804 107.344 277.571 41.0593
-0.260317 -0.963306 -0.0653959 3.39827 -41.1276 -8.78621 354.213
0.184394 0.52209 -0.832719 2.25484 -47.3364 351.723 129.11
-0.5969 0.642962 -0.479907 1.16625 -78.4578 -75.8112 139.199
0.0394642 -0.0114935 -0.999155 2.20634 9.95586 248.595 34.7828
0.916218 -0.329614 -0.227815 2.41793 203.389 322.348 267.029
-0.881584 -0.105767 -0.460026 3.30354 -76.0454 308.187 308.382
0.411809 -0.677798 0.6091 2.3278 107.066 394.735 260.958
-0.959034 -0.195212 0.205294 3.78964 108.019 389.657 268.954
-0.722586 -0.22853 -0.652413 2.29988 -103.383 137.956 237.841
0.687522 0.126225 -0.715109 4.62143 221.768 -34.5659 152.459
-0.987395 -0.153813 0.0373106 3.19127 74.4111 304.9 370.987
-0.440169 -0.109021 -0.891272 1.89551 -66.5855 147.865 109.744
-0.905719 -0.153022 -0.395295 1.72519 -29.0015 79.0824 256.989
0.731967 -0.147637 0.665152 3.40261 -107.782 273.041 268.117
0.351344 -0.530077 -0.771736 3.26551 162.238 71.8645 100.77
0.865781 -0.44312 0.232526 4.45407 -9.13485 125.643 289.693
0.912474 -0.275239 0.302712 2.47474 41.7529 383.428 288.264
0.116056 0.648031 -0.75272 4.01399 178.52 363.462 217.48
-0.141079 0.471977 -0.87025 4.22233 145.428 381.719 110.908
0.670488 -0.558724 0.488133 3.63442 -69.8053 265.887 331.843
0.563497 -0.335877 0.754757 2.94546 -83.22 384.966 215.61
-0.0478688 0.127107 -0.990733 3.75549 64.7414 331.763 46.0647
0.637117 0.30584 -0.707491 3.79694 226.132 293.161 216.276
0.965894 -0.251507 0.0615934 3.51636 65.0698 212.035 385.616
0.228441 0.298756 -0.926585 2.51313 51.5397 371.507 107.692
0.661366 -0.473987 0.581319 3.91454 -103.469 227.187 289.056
0.958423 -0.0248147 0.284272 2.21056 14.6763 401.422 243.698
0.648142 -0.679631 0.34353 2.53214 105.702 332.431 349.575
0.295437 -0.825112 0.481567 2.86567 55.3057 333.968 366.111
-0.312573 0.433524 -0.845195 3.11836 -53.5197 374.074 192.884
-0.794491 0.0024928 -0.607271 2.60861 -107.514 209.211 282.391
0.677751 0.24495 -0.693292 2.60514 153.901 388.191 168.102
-0.682515 -0.120116 -0.720934 3.58075 -103.504 316.872 187.674
0.705014 0.242352 -0.666499 4.4507 230.842 196.607 193.048
0.765975 -0.271446 -0.582751 2.11271 212.601 302.754 148.945
0.238457 -0.206623 -0.948918 2.87959 109.98 219.756 35.1607
0.823066 -0.403718 -0.399468 4.48597 126.103 -53.2502 261.642
-0.515907 0.0211409 -0.856383 3.33324 -93.8473 320.53 147.333
0.670177 -0.274959 0.689391 2.83562 -2.51721 364.775 232.681
0.770353 -0.56581 -0.293964 2.27796 255.043 248.36 266.045
0.620567 -0.622042 0.477452 1.85905 150.852 393.225 218.747
-0.37447 -0.909777 0.179102 2.05751 184.104 -4.87543 328.127
0.921764 0.0506243 -0.384432 1.67706 112.584 390.332 137.641
0.874059 -0.405625 -0.267375 2.92167 204.477 241.913 329.182
-0.106206 0.30726 -0.94568 1.84755 -76.4281 262.516 68.2651
-0.0358599 0.0398098 -0.998564 4.61524 106.944 278.389 41.152
-0.557162 -0.453071 0.695915 3.17787 146.339 385.273 231.582
0.873995 -0.293222 -0.387497 2.83731 216.749 273.821 277.431
0.81982 -0.367032 -0.439525 3.70617 195.951 154.919 282.845
0.582031 0.45922 -0.671086 4.1155 226.303 263 229.643
-0.732948 -0.586477 0.344721 3.81875 22.365 401.76 259.934
0.480164 -0.572391 -0.664688 3.54986 175.12 27.9489 176.296
-0.299119 0.678709 -0.670732 4.00435 119.432 395.893 242.595
-0.722809 -0.100169 -0.683749 3.32468 -112.581 296.474 226.225
-0.520464 0.0476085 -0.852555 2.97848 -113.388 278.912 159.848
0.791012 0.341073 -0.507907 4.29068 224.011 199.44 261.292
-0.922569 0.0859362 -0.376139 4.5254 46.5986 408.288 173.783
-0.904129 -0.264115 -0.335847 1.72555 -16.8865 -44.5299 279.965
0.511823 -0.49241 0.703967 3.33473 -73.3813 342.482 263.878
0.792396 -0.495157 0.356271 1.71009 142.783 394.433 196.285
0.726077 -0.41581 0.547644 3.63766 -84.1144 243.852 317.36
-0.305315 -0.205703 -0.929768 2.81534 -35.9215 240.415 102.631
0.252074 -0.886316 -0.388463 1.95522 209.361 -57.4179 213.84
-0.883808 -0.277431 -0.376718 2.5909 -37.9975 187.415 352.971
0.255433 -0.607935 -0.751777 2.76321 150.278 116.164 120.937
0.35095 -0.645024 0.678806 3.68102 -87.3922 324.31 269.999
0.34278 -0.748315 0.567915 3.59385 -85.6806 321.124 315.316
-0.640999 -0.428855 -0.636557 1.95075 -30.3856 -108.031 197.073
-0.668741 -0.730274 0.139591 3.32451 8.04259 303.579 373.211
-0.651209 -0.741645 0.160906 3.92201 -72.6949 339.979 279.529
0.568997 -0.618567 -0.541865 3.8983 129.465 -117.461 227.586
0.53864 -0.531813 0.653484 3.24783 -58.4007 344.456 291.599
0.695277 -0.282772 0.66078 3.35188 -94.8576 303.999 279.63
0.86371 0.091582 -0.495599 4.49148 210.112 144.706 228.481
-0.581617 0.013025 -0.813358 3.48198 -90.7138 333.241 161.403
0.126003 0.162308 -0.978662 1.94609 9.33407 315.861 51.9398
0.0493374 0.420124 -0.906125 1.88473 -70.7367 294.289 65.5974
-0.372985 -0.924241 -0.081617 2.20465 133.035 -58.8255 337.43
0.82418 -0.217505 -0.522894 1.96045 191.674 332.801 140.374
-0.913226 -0.291304 0.284887 4.62512 9.73215 356.571 142.127
0.700992 -0.387021 -0.59902 2.6138 232.774 229.669 183.067
-0.955321 -0.0120457 0.295325 4.00553 153.967 380.195 232.351
-0.932375 -0.27673 0.232588 2.91926 131.266 276.922 362.719
0.822359 -0.568183 0.029895 3.07465 113.321 245.538 376.227
0.267648 -0.395557 -0.878578 4.7932 75.7139 -62.299 28.7799
-0.565865 -0.372158 -0.735727 4.31349 -77.6155 301.081 102.075
-0.204247 -0.973418 -0.103641 3.20014 -6.3971 -34.8751 361.75
-0.53754 -0.552606 0.636928 2.32425 214.642 299.679 256.029
-0.0569569 0.0340305 -0.997797 3.04317 25.2968 324.554 79.7534
0.315487 -0.514161 -0.797563 3.35439 162.889 85.6576 81.6414
0.770921 -0.13372 -0.622736 2.11824 189.336 328.923 127.657
0.709724 0.0646339 -0.701508 3.39627 169.517 301.423 202.144
0.803923 -0.294036 0.516962 3.46552 -73.0611 278.169 326.865
0.96182 -0.0459136 -0.269803 3.01133 168.324 302.699 328.864
0.711435 -0.564997 0.417897 3.29395 -51.3001 303.847 379.496
0.458293 0.792196 -0.40298 4.86598 229.247 -14.3756 212.721
0.116428 -0.0701197 -0.990721 2.27777 39.379 241.079 28.7051
-0.59316 -0.554799 0.583403 2.28345 215.591 284.619 272.452
0.458069 0.398541 -0.794568 1.56056 2.49912 323.225 54.4538
0.767217 -0.613996 0.185436 3.44695 26.6295 217.704 388.79
-0.595737 -0.28951 0.749187 2.87381 201.957 337.553 189.089
0.101346 0.27123 -0.957164 4.55165 166.958 293.717 80.2605
-0.858819 -0.509984 0.0484433 3.2468 24.0163 304.036 368.723
-0.62805 -0.631116 0.455242 2.76537 181.874 333.325 343.472
0.332087 0.594857 -0.732027 2.37404 -2.94246 399.939 185.995
-0.866482 -0.399549 -0.299281 4.398 -64.2712 367.457 187.834
0.0670346 -0.928796 -0.364478 1.48403 203.023 -61.4466 172.009
0.691235 -0.314633 -0.650538 2.25722 216.443 272.377 133.949
0.233108 -0.583604 -0.777861 2.75673 141.476 119.748 105.501
-0.271796 0.627047 -0.730027 0.820444 -41.1827 -33.3759 70.1213
-0.925503 -0.310795 0.21645 3.00574 118.868 292.525 363.251
-0.76496 -0.564837 -0.309508 3.7029 -98.5107 290.863 282.743
0.83386 -0.445104 0.326435 1.98586 117.99 397.697 231.685
-0.603875 -0.232439 -0.762435 2.39094 -85.3331 160.655 184
-0.962733 0.23096 -0.140722 4.78102 115.964 400.335 151.916
-0.789001 0.390461 -0.474361 4.71646 115.814 363.218 127.314
-0.751242 0.475996 -0.457235 4.52331 120.101 368.507 167.487
0.38554 -0.319512 -0.865604 1.84725 146.732 206.685 43.0842
0.563537 -0.297302 -0.770739 4.28376 176.2 144.647 111.663
-0.71975 -0.382921 -0.579078 3.63556 -117.867 271.104 224.3
-0.650824 -0.749877 0.118793 3.41169 -10.0445 310.418 386.525
-0.865531 -0.46167 -0.19421 3.47189 -51.5847 302.744 333.779
-0.707644 -0.406721 -0.57777 2.72939 -110.86 155.564 275.493
0.433033 -0.706102 0.560269 2.60054 71.6389 413.2 300.96
0.567407 -0.14309 -0.81091 2.87422 203.111 258.831 109.599
0.425995 0.445549 -0.78741 4.57479 253.556 248.838 138.233
-0.984712 -0.17211 -0.0268383 3.15097 51.0498 285.34 405.978
-0.740653 -0.310303 -0.59594 3.99115 -106.583 325.923 190.915
-0.809094 -0.456917 -0.369586 2.37179 -14.4026 129.487 338.739
-0.16509 -0.428919 -0.888129 2.52625 -1.79855 135.465 70.0992
0.783443 -0.572477 -0.241841 2.22187 242.128 268.065 265.788
-0.413401 -0.602179 0.682994 3.68018 34.8312 409.622 215.855
0.796059 -0.391709 -0.461363 2.60483 231.97 266.821 231.345
-0.579769 -0.779298 0.237826 3.18739 48.1082 315.961 401.899
-0.489292 0.271524 -0.828775 2.30795 -120.859 247.602 178.895
0.26653 0.337344 -0.902863 4.48735 211.994 257.453 96.5411
0.200997 0.368636 -0.907584 2.88646 68.2966 392.063 138.294
0.960226 -0.277229 -0.0333235 1.53172 143.411 382.2 153.413
0.881834 0.266025 -0.389358 1.64699 58.9666 407.959 135.787
-0.483786 -0.709268 0.512728 2.92574 135.431 325.965 331.877
0.481129 -0.326916 -0.813413 2.02647 170.607 242.545 70.3375
0.634485 0.696513 -0.335109 4.80946 224.675 -43.6695 230.103
0.0725989 -0.12918 -0.98896 3.10153 56.1993 245.859 27.4404
-0.915838 -0.0201351 -0.401043 4.08254 -18.0598 391.864 232.459
-0.858193 -0.0837716 -0.506446 2.36518 -72.3819 163.067 312.313
0.898475 -0.348844 -0.266553 3.76819 136.186 186.091 312.709
-0.0975841 -0.874036 -0.47596 4.20462 -93.138 -73.1137 177.374
-0.0777911 -0.118501 -0.989902 2.7167 -8.28128 232.626 38.4545
0.215522 0.177026 -0.960319 4.02326 159.645 305.24 79.2244
0.801951 0.0236275 -0.596923 2.15043 159.913 367.198 157.937
-0.76445 -0.545112 0.344194 1.89498 240.637 162.93 299.656
-0.992479 -0.0877915 -0.085308 3.9646 17.7344 388.526 267.16
-0.264279 -0.720928 0.64064 3.66982 -3.03769 367.095 270.081
0.334493 -0.432962 -0.837053 3.99964 114.585 132.379 69.622
0.933301 -0.329266 0.143295 3.88347 19.8534 169.507 369.664
-0.43865 -0.723315 0.533293 3.78291 -5.71362 425.483 258.383
-0.0471004 0.426299 -0.903355 2.98066 -26.4734 375.432 148.242
0.529485 -0.399867 0.748166 3.39657 -97.7493 330.941 230.409
-0.978435 -0.199928 0.051905 4.65345 40.8819 403.654 157.409
-0.506538 -0.51298 0.693015 3.14074 134.756 390.207 238.936
0.739783 -0.343886 -0.578329 2.10787 217.298 283.793 139.754
0.26715 -0.0395088 -0.962845 1.91085 68.9968 261.791 21.8954
-0.98302 -0.0681178 0.170388 3.09843 128.349 287.007 361.19
0.165093 0.333675 -0.928119 3.91144 156.934 342.002 112.092
0.182226 0.38231 -0.905888 3.00166 94.0843 397.766 118.419
0.878354 -0.351882 0.323534 1.69499 112.357 371.178 159.941
-0.381434 0.248369 -0.890405 2.06287 -108.595 225.721 134.272
0.475708 -0.597519 -0.645503 3.0701 201.288 94.0905 189.972
0.769531 -0.341965 0.539335 3.4021 -96.6376 273.158 332.295
0.38037 0.0108696 -0.924771 4.52217 195.931 -2.00077 43.7868
-0.36412 -0.875396 -0.317959 3.20516 -51.5229 -65.4242 331.172
-0.619649 0.136103 -0.772989 4.82803 49.6814 358.312 63.0758
0.763537 -0.38146 0.521057 3.40003 -66.1722 292.561 327.191
-0.521508 -0.170792 -0.835978 3.82465 -81.2855 312.555 114.912
-0.100176 0.428176 -0.898126 2.48484 -73.714 335.124 136.353
0.160853 0.67253 -0.722378 4.14307 204.665 319.532 217.043
-0.937775 0.0587713 -0.342233 1.96778 -36.1602 128.252 307.956
