-0.219313 0.975645 0.0043833 3.28523 192.867 -78.9124 -33.4032
-0.509259 0.367754 0.778082 0.851925 189.872 -130.538 104.591
0.0654051 0.951663 0.300101 0.828527 80.6172 -81.5476 73.9862
-0.286629 0.795369 0.534071 3.59971 131.943 -36.5476 -56.7221
0.566772 0.203834 0.798261 2.34294 117.588 130.32 -52.1552
0.956171 -0.259114 0.136375 3.58466 164.366 148.588 66.7507
0.0218483 0.190245 0.981494 4.57648 19.6054 62.6589 7.30307
0.0287685 -0.157638 0.987078 3.61001 90.065 159.265 52.5473
0.275324 0.958215 -0.0775876 4.27694 71.779 -111.096 34.7353
0.412701 0.123888 0.902402 3.34255 67.0237 128.964 35.8005
-0.0796806 0.242591 0.966851 4.42287 39.3751 60.0977 -6.38588
0.168482 0.689625 0.704295 1.75905 172.7 -22.7826 -27.7035
0.307891 0.921598 -0.236348 3.2953 91.5228 -63.3456 86.0111
-0.452026 0.86939 -0.199585 3.80789 210.891 -7.01181 -14.4037
-0.157636 -0.629262 0.761039 2.59174 122.444 -1.74551 191.574
0.869748 -0.0451031 0.491431 2.4947 133.776 130.252 -44.6702
0.507423 -0.0650909 0.859235 3.5176 89.2409 138.794 21.7051
-0.386757 0.899224 0.20449 4.17597 133.822 -80.4433 -64.2749
-0.124384 0.38208 0.91572 1.70493 265.786 -7.12871 -30.7571
0.666213 -0.499821 -0.553479 1.78985 76.2597 39.8251 9.64938
0.646331 -0.149661 -0.748236 0.763229 66.1984 -47.8446 -19.7403
-0.0502275 -0.0601913 0.996922 3.49316 86.6031 173.511 63.7835
0.452428 0.729862 -0.512455 3.69049 96.3687 12.214 148.524
0.0740787 0.814874 0.574886 2.08848 138.672 -46.1 -10.5975
-0.529352 0.810844 0.249637 4.28649 96.4049 -1.6506 -6.43396
0.773591 0.421881 0.472835 0.738987 130.585 -124.516 -78.5771
-0.0681802 0.338689 0.938425 1.15308 236.68 -75.5206 43.0817
-0.315776 0.911465 0.263663 3.82502 128.862 -9.63944 -25.6536
-0.157613 -0.069685 0.985039 2.47374 170.837 172.239 133.324
0.772752 -0.616858 -0.149469 3.0224 244.754 85.8748 0.376011
