0 0.7 0.72 0.68 0 0.7 0.72 0.66 0 0.7 0.7 0.66 1.396 0.029 -0.16 -0.14 
0 -0.06 0.88 0.84 0 -0.18 0.74 0.68 0 0.24 0.24 0.22 1.396 0.029 0.42 0.44 
0 -0.16 -0.14 0.36 0 -0.18 -0.08 0.54 0 -0.14 -0.08 0.86 1.396 0.029 0.36 0.4 
0 0.16 0.16 0.12 0 0.1 0.1 0.06 0 0.1 0.12 0.34 1.396 0.029 -0.18 -0.1 
0 -0.12 0.08 0.54 0 -0.18 -0.1 0.7 0 -0.04 -0.02 0.62 1.396 0.029 -0.02 2.98023e-08 
0 0.5 0.52 0.46 0 0.62 0.64 0.6 0 0.78 0.8 0.76 1.396 0.029 -0.16 0.58 
0 -0.08 0.74 1.02 0 -0.18 0.94 0.9 0 -0.04 0.96 0.9 1.396 0.029 0.22 0.22 
0 0.08 0.78 0.7 0 0.6 0.6 0.56 0 0.76 0.76 0.7 1.396 0.029 0.1 0.12 
0 0.4 0.4 0.34 0 0.2 0.2 0.46 0 2.98023e-08 0.14 0.7 1.396 0.029 -0.18 -0.14 
0 -0.18 -0.14 0.72 0 2.98023e-08 0.04 0.06 0 0.18 0.2 0.16 1.396 0.029 0.3 0.3 
0 0.06 0.82 0.76 0 -0.18 1 0.94 0 0.36 0.64 0.6 1.396 0.029 0.04 0.46 
0 -0.02 -0.02 -0.08 0 0.14 0.16 0.1 0 0.44 0.48 0.4 1.396 0.029 -0.18 -0.16 
0 0.24 0.24 0.86 0 0.02 0.22 0.58 0 0.36 0.4 0.36 1.396 0.029 0.14 0.16 
0 0.28 0.82 0.8 0 0.5 0.52 0.44 0 0.56 0.56 0.5 1.396 0.029 -0.16 -0.16 
0 -0.14 0.08 0.18 0 -0.16 0.22 0.16 0 0.18 0.22 0.16 1.396 0.029 0.58 0.62 
0 0.42 0.44 0.36 0 0.22 0.3 0.54 0 0.02 0.26 0.96 1.396 0.029 -0.16 -0.08 
0 0.22 0.26 0.4 0 0.38 0.38 0.36 0 0.56 0.56 0.5 1.396 0.029 -0.16 -0.14 
0 0.1 0.16 0.72 0 0.16 0.2 0.66 0 0.28 0.3 0.42 1.396 0.029 -0.14 2.98023e-08 
0 0.62 0.64 0.6 0 -0.18 1.04 0.98 0 0.56 0.58 0.52 1.396 0.029 -0.06 -0.06 
0 -0.18 0.42 0.34 0 0.16 0.18 0.1 0 0.34 0.36 0.32 1.396 0.029 0.38 0.42 
0 0.42 0.44 0.38 0 0.48 0.5 0.44 0 0.32 0.78 0.72 1.396 0.029 2.98023e-08 0.6 
0 -0.18 0.78 0.74 0 0.44 0.46 0.38 0 0.54 0.58 0.5 1.396 0.029 0.36 0.36 
0 0.08 0.08 0.04 0 0.12 0.16 0.1 0 0.24 0.24 0.2 1.396 0.029 -0.18 -0.16 
0 -0.04 2.98023e-08 -0.06 0 0.1 0.12 0.06 0 0.32 0.34 0.3 1.396 0.029 -0.16 0.32 
0 -0.18 -0.1 -0.02 0 -0.06 -0.06 0.12 0 0.12 0.14 0.1 1.396 0.029 0.24 0.28 
0 0.38 0.4 0.36 0 0.5 0.52 0.46 0 0.62 0.64 0.6 1.396 0.029 0.12 0.18 
0 -0.18 0.24 1.12 0 -0.06 0.3 0.9 0 0.34 0.36 0.28 1.396 0.029 0.52 0.58 
0 -0.04 -0.02 0.12 0 -0.02 0.02 1.02 0 0.32 0.38 1.06 1.396 0.029 -0.18 -0.08 
0 -0.18 -0.04 1.06 0 -0.18 0.06 0.94 0 0.04 0.14 1.6 1.396 0.029 1.18 1.2 
0 -0.18 -0.14 1.6 0 0.18 0.24 0.88 0 0.6 0.62 0.56 1.396 0.029 0.16 0.18 
