0.5 0.496124 0.474774 0.491599 0.5 0.496124 0.474774 0.480759 0.5 0.496124 0.464153 0.480759 1 0.105678 0.0158211 0.0116959 
0.5 0.0753045 0.559745 0.57832 0.5 0.00885936 0.485396 0.491599 0.5 0.241417 0.219862 0.242276 1 0.105678 0.332242 0.320043 
0.5 0.0199336 0.0180563 0.318157 0.5 0.00885936 0.0499203 0.415718 0.5 0.0310078 0.0499203 0.58916 1 0.105678 0.299509 0.298777 
0.5 0.197121 0.177377 0.188076 0.5 0.163898 0.145512 0.155556 0.5 0.163898 0.156134 0.307317 1 0.105678 0.00490998 0.0329612 
0.5 0.0420819 0.134891 0.415718 0.5 0.00885936 0.039299 0.502439 0.5 0.0863787 0.0817844 0.459079 1 0.105678 0.0921986 0.0861244 
0.5 0.385382 0.368561 0.372358 0.5 0.451827 0.432289 0.448238 0.5 0.540421 0.51726 0.534959 1 0.105678 0.0158211 0.394471 
0.5 0.0642303 0.485396 0.675881 0.5 0.00885936 0.591609 0.61084 0.5 0.0863787 0.60223 0.61084 1 0.105678 0.223131 0.203083 
0.5 0.152824 0.506638 0.502439 0.5 0.440753 0.411046 0.426558 0.5 0.529347 0.496017 0.502439 1 0.105678 0.157665 0.14992 
0.5 0.330011 0.304833 0.307317 0.5 0.219269 0.198619 0.372358 0.5 0.108527 0.166755 0.502439 1 0.105678 0.00490998 0.0116959 
0.5 0.00885936 0.0180563 0.513279 0.5 0.108527 0.113648 0.155556 0.5 0.208195 0.198619 0.209756 1 0.105678 0.266776 0.245614 
0.5 0.14175 0.527881 0.534959 0.5 0.00885936 0.623473 0.63252 0.5 0.307863 0.432289 0.448238 1 0.105678 0.124932 0.330675 
0.5 0.0974529 0.0817844 0.0796748 0.5 0.186047 0.177377 0.177236 0.5 0.352159 0.347318 0.339837 1 0.105678 0.00490998 0.00106326 
0.5 0.241417 0.219862 0.58916 0.5 0.119601 0.209241 0.437398 0.5 0.307863 0.304833 0.318157 1 0.105678 0.179487 0.171186 
0.5 0.263566 0.527881 0.55664 0.5 0.385382 0.368561 0.361518 0.5 0.418605 0.389803 0.394038 1 0.105678 0.0158211 0.00106326 
0.5 0.0310078 0.134891 0.220596 0.5 0.0199336 0.209241 0.209756 0.5 0.208195 0.209241 0.209756 1 0.105678 0.419531 0.415736 
0.5 0.341085 0.326075 0.318157 0.5 0.230343 0.251726 0.415718 0.5 0.119601 0.230483 0.64336 1 0.105678 0.0158211 0.0435938 
0.5 0.230343 0.230483 0.339837 0.5 0.318937 0.294211 0.318157 0.5 0.418605 0.389803 0.394038 1 0.105678 0.0158211 0.0116959 
0.5 0.163898 0.177377 0.513279 0.5 0.197121 0.198619 0.480759 0.5 0.263566 0.251726 0.350678 1 0.105678 0.0267321 0.0861244 
0.5 0.451827 0.432289 0.448238 0.5 0.00885936 0.644716 0.654201 0.5 0.418605 0.400425 0.404878 1 0.105678 0.0703764 0.0542265 
0.5 0.00885936 0.315454 0.307317 0.5 0.197121 0.187998 0.177236 0.5 0.296788 0.28359 0.296477 1 0.105678 0.31042 0.30941 
0.5 0.341085 0.326075 0.328997 0.5 0.374308 0.357939 0.361518 0.5 0.285714 0.506638 0.513279 1 0.105678 0.10311 0.405104 
0.5 0.00885936 0.506638 0.524119 0.5 0.352159 0.336697 0.328997 0.5 0.40753 0.400425 0.394038 1 0.105678 0.299509 0.277512 
0.5 0.152824 0.134891 0.144715 0.5 0.174972 0.177377 0.177236 0.5 0.241417 0.219862 0.231436 1 0.105678 0.00490998 0.00106326 
0.5 0.0863787 0.0924058 0.0905149 0.5 0.163898 0.156134 0.155556 0.5 0.285714 0.272969 0.285637 1 0.105678 0.0158211 0.256247 
0.5 0.00885936 0.039299 0.112195 0.5 0.0753045 0.0605417 0.188076 0.5 0.174972 0.166755 0.177236 1 0.105678 0.234043 0.234981  


0.5 0.318937 0.304833 0.318157 0.5 0.385382 0.368561 0.372358 0.5 0.451827 0.432289 0.448238 1 0.105678 0.168576 0.181818 

0.5 0.00885936 0.219862 0.730081 0.5 0.0753045 0.251726 0.61084 0.5 0.296788 0.28359 0.274797 1 0.105678 0.386798 0.394471 

0.5 0.0863787 0.0817844 0.188076 0.5 0.0974529 0.103027 0.675881 0.5 0.285714 0.294211 0.697561 1 0.105678 0.00490998 0.0435938 

0.5 0.00885936 0.071163 0.697561 0.5 0.00885936 0.12427 0.63252 0.5 0.130676 0.166755 0.990244 1 0.105678 0.746863 0.724083 

0.5 0.00885936 0.0180563 0.990244 0.5 0.208195 0.219862 0.6 0.5 0.440753 0.421668 0.426558 1 0.105678 0.190398 0.181818