0 -0.16 -0.12 -0.18 0 -0.18 -0.12 2.98023e-08 0 0.92 0.92 1.6 1.396 0.029 0.64 0.64 
0 -0.1 -2.98023e-08 0.04 0 -0.08 0.6 0.58 0 0.78 0.96 0.94 1.396 0.029 0.66 0.68 
0 -0.18 0.64 0.58 0 1.42 1.42 1.36 0 1.42 1.42 1.36 1.396 0.029 0.62 0.64 
0 -0.06 0.8 0.76 0 -0.18 0.86 0.82 0 -0.12 0.86 0.78 1.396 0.029 0.72 0.74 
0 0.7 0.74 0.72 0 0.42 0.82 0.78 0 0.78 0.8 0.76 1.396 0.029 0.6 0.6 
0 -0.12 0.56 0.6 0 -0.18 0.78 0.74 0 0.48 0.48 1.6 1.396 0.029 0.74 0.74 
0 -0.1 0.7 0.66 0 -0.18 0.68 0.7 0 1.42 1.42 1.36 1.396 0.029 0.74 0.74 
0 0.3 0.3 0.34 0 0.36 0.72 0.66 0 1.42 1.42 1.36 1.396 0.029 0.58 0.6 
0 -0.18 0.8 0.76 0 -0.16 0.44 0.4 0 0.12 0.12 0.06 1.396 0.029 0.72 0.74 
0 0.16 0.7 0.64 0 0.32 0.9 0.82 0 1.42 1.42 1.36 1.396 0.029 0.52 0.54 
0 0.26 0.28 0.22 0 0.12 0.12 0.06 0 0.5 0.5 0.5 1.396 0.029 0.58 0.62 
0 -0.18 0.26 0.2 0 -0.04 -0.04 -0.06 0 1.42 1.42 1.36 1.396 0.029 0.74 0.78 
0 -0.18 0.84 0.78 0 2.98023e-08 0.04 1.6 0 1.42 1.42 1.36 1.396 0.029 0.6 0.62 
0 -0.1 0.8 0.74 0 -0.18 0.48 0.44 0 0.12 0.16 0.08 1.396 0.029 0.72 0.72 
0 0.36 0.48 1.1 0 0.26 0.86 0.8 0 1.42 1.42 1.36 1.396 0.029 0.14 0.18 
0 -0.1 0.78 0.74 0 0.06 0.84 0.76 0 1.42 1.42 1.36 1.396 0.029 0.56 0.58 
0 -0.18 -0.1 1.48 0 -0.1 0.02 0.84 0 0.16 0.18 0.14 1.396 0.029 0.88 0.96 
0 0.04 0.48 0.98 0 -0.16 -0.04 0.02 0 -0.1 -0.08 -0.14 1.396 0.029 0.66 0.68 
0 -0.18 0.5 0.44 0 -0.16 0.66 0.62 0 1.42 1.42 1.36 1.396 0.029 0.74 0.74 
0 -0.18 0.7 0.62 0 -0.08 0.56 0.78 0 1.42 1.42 1.36 1.396 0.029 0.74 0.78 
0 0.26 0.26 0.2 0 0.08 0.12 0.04 0 0.58 0.58 0.58 1.396 0.029 0.02 0.22 
0 0.76 0.78 1.6 0 0.48 0.5 0.9 0 0.62 0.68 0.92 1.396 0.029 -0.16 1.7 
0 -0.16 0.96 0.9 0 -0.02 1.16 1.12 0 1.42 1.42 1.36 1.396 0.029 0.64 0.68 
0 0.34 0.46 1.16 0 0.24 0.7 0.66 0 0.52 0.56 0.48 1.396 0.029 0.52 0.56 
0 0.2 0.2 0.42 0 0.1 0.12 0.06 0 0.14 0.18 0.1 1.396 0.029 0.6 0.6 
0 -0.16 0.74 0.7 0 0.08 0.44 1.34 0 1.42 1.42 1.36 1.396 0.029 0.62 0.66 
0 -0.06 1.04 0.96 0 -0.12 0.98 0.92 0 0.5 0.5 0.44 1.396 0.029 0.62 0.64 
0 0.28 0.66 0.6 0 0.34 0.36 0.28 0 0.32 0.34 0.3 1.396 0.029 0.58 0.6 
0 0.42 0.5 0.64 0 0.38 0.58 0.88 0 1.42 1.42 1.36 1.396 0.029 0.34 0.38 
0 -0.14 0.1 0.06 0 -0.16 0.06 -0.02 0 1.42 1.42 1.36 1.396 0.029 0.66 0.66 
0 0.24 0.44 0.4 0 0.94 0.94 1.6 0 1.42 1.42 1.36 1.396 0.029 0.54 0.58 
0 0.6 0.6 0.54 0 0.52 0.54 0.54 0 0.86 0.88 0.8 1.396 0.029 -0.16 -0.14 
0 -0.18 0.88 0.82 0 -0.16 0.18 0.8 0 -0.12 -0.08 0.14 1.396 0.029 0.66 0.7 
0 0.06 0.84 0.78 0 0.18 0.88 0.8 0 1.42 1.42 1.36 1.396 0.029 0.36 0.38 
0 0.28 0.98 0.9 0 -0.12 1.04 0.96 0 0.74 0.74 0.7 1.396 0.029 0.66 0.66 
0 0.82 0.82 1.3 0 0.5 0.54 0.94 0 0.64 0.7 0.96 1.396 0.029 -0.14 1.7 
0 -2.98023e-08 0.98 0.9 0 0.3 0.48 1.02 0 0.6 0.62 0.58 1.396 0.029 0.46 0.48 
0 0.14 0.24 0.4 0 0.18 0.24 0.6 0 0.84 0.84 0.8 1.396 0.029 -0.16 -0.12 
0 0.9 0.92 0.86 0 0.82 0.86 0.78 0 0.94 0.96 0.92 1.396 0.029 0.06 1.04 
0 0.56 0.76 0.72 0 -0.1 0.7 0.64 0 0.32 0.32 0.28 1.396 0.029 0.68 0.7 
0 -0.04 2.98023e-08 0.52 0 0.14 0.7 0.9 0 1.42 1.42 1.36 1.396 0.029 0.64 0.66 
0 -2.98023e-08 0.06 0.02 0 -0.18 0.54 0.46 0 1.42 1.42 1.36 1.396 0.029 0.8 0.82 
0 0.14 1.02 0.98 0 -0.18 0.94 0.9 0 0.28 0.42 0.48 1.396 0.029 0.68 0.7 
0 -0.18 0.6 0.76 0 -0.08 0.02 1.18 0 1.42 1.42 1.36 1.396 0.029 0.82 0.82 
0 -0.16 0.82 0.74 0 -0.18 0.96 0.9 0 1.42 1.42 1.36 1.396 0.029 0.58 0.6 
0 0.26 0.72 0.64 0 0.42 0.5 1.36 0 1.42 1.42 1.36 1.396 0.029 0.5 0.52 
0 0.12 0.94 0.9 0 0.04 0.96 0.88 0 0.64 0.66 0.62 1.396 0.029 0.46 0.5 
0 0.74 0.78 0.7 0 -0.1 0.8 0.72 0 0.3 0.32 0.28 1.396 0.029 0.7 0.72 
0 0.24 0.46 1.46 0 -0.02 0.94 0.88 0 0.46 0.46 0.6 1.396 0.029 0.66 0.68 
0 0.28 0.28 0.24 0 0.28 0.32 0.26 0 1.42 1.42 1.36 1.396 0.029 0.6 0.62 
0 -0.12 0.6 0.52 0 -0.08 0.06 2.98023e-08 0 -0.04 -0.02 -0.08 1.396 0.029 0.64 0.64 
0 -0.1 -0.04 0.3 0 -0.18 -0.16 -0.22 0 -0.04 -0.02 -0.1 1.396 0.029 0.56 0.56 
0 -0.06 0.66 0.58 0 0.18 0.34 0.26 0 1.42 1.42 1.36 1.396 0.029 0.64 0.64 
0 0.24 0.86 0.8 0 0.4 0.46 1.16 0 0.76 0.78 0.7 1.396 0.029 0.26 0.3 
0 -0.18 0.74 0.66 0 0.02 0.58 0.52 0 1.42 1.42 1.36 1.396 0.029 0.66 0.66 
0 0.3 0.6 0.6 0 0.22 0.84 0.8 0 1.42 1.42 1.36 1.396 0.029 0.42 0.44 
0 -0.08 1.02 0.94 0 0.56 0.66 1.6 0 1.42 1.42 1.36 1.396 0.029 0.58 0.62 
0 0.02 0.96 0.88 0 -0.18 0.8 0.74 0 0.24 0.26 0.24 1.396 0.029 0.68 0.7 
0 0.14 0.92 0.86 0 0.2 0.86 0.82 0 0.72 0.74 0.68 1.396 0.029 0.32 0.34 
0 0.26 0.28 0.22 0 0.08 0.1 0.06 0 0.5 0.5 0.5 1.396 0.029 -0.06 0.46 
0 0.26 0.66 0.62 0 0.44 0.48 0.76 0 1.42 1.42 1.36 1.396 0.029 0.4 0.42 
0 0.68 0.7 0.62 0 0.54 0.54 0.5 0 0.66 0.7 0.62 1.396 0.029 0.34 0.34 
0 -0.18 0.64 0.56 0 -0.06 0.1 0.88 0 0.02 0.08 0.24 1.396 0.029 0.78 0.8 
0 -0.18 0.02 2.98023e-08 0 -0.18 -0.12 0.06 0 1.42 1.42 1.36 1.396 0.029 0.68 0.7 
0 0.34 0.42 1.32 0 0.12 0.78 0.72 0 0.48 0.48 0.42 1.396 0.029 0.58 0.62 
0 -0.16 0.66 0.62 0 -0.06 0.12 0.04 0 0.08 0.12 0.04 1.396 0.029 0.68 0.68 
0 -0.14 0.88 0.82 0 -0.18 0.88 0.84 0 0.44 0.46 0.38 1.396 0.029 0.66 0.66 
0 -0.18 0.9 0.86 0 -0.04 0.64 0.58 0 0.08 0.22 0.52 1.396 0.029 0.7 0.72 
0 -0.14 0.96 0.88 0 -0.02 1.16 1.1 0 1.42 1.42 1.36 1.396 0.029 0.64 0.66 
0 0.14 0.4 0.36 0 0.04 0.78 0.7 0 1.42 1.42 1.36 1.396 0.029 0.6 0.64 
0 0.44 0.46 1.26 0 0.4 0.4 0.88 0 0.5 0.52 0.48 1.396 0.029 0.56 0.58 
0 0.64 0.68 0.62 0 0.6 0.62 0.56 0 0.82 0.82 0.78 1.396 0.029 0.06 0.06 
0 -0.1 0.98 0.94 0 0.26 0.84 1.04 0 1.42 1.42 1.36 1.396 0.029 0.6 0.62 
0 -0.16 0.5 0.44 0 0.56 1.04 1.12 0 1.42 1.42 1.36 1.396 0.029 0.64 0.64 
0 -0.04 0.02 0.7 0 -0.06 0.02 1.16 0 0.8 0.8 0.78 1.396 0.029 -0.12 1 
0 -0.18 0.04 -0.02 0 -0.08 0.12 0.06 0 1.42 1.42 1.36 1.396 0.029 0.66 0.68 
0 0.34 0.42 1 0 0.28 0.82 0.74 0 1.42 1.42 1.36 1.396 0.029 0.32 0.34 
0 -0.18 1.04 0.98 0 0.34 0.36 1.1 0 1.42 1.42 1.36 1.396 0.029 0.4 0.44 
0 0.1 0.92 0.84 0 0.56 0.6 1.6 0 1.42 1.42 1.36 1.396 0.029 0.56 0.58 
0 -0.02 0.16 0.08 0 2.98023e-08 0.46 0.4 0 1.42 1.42 1.36 1.396 0.029 0.66 0.66 
0 0.38 0.52 0.74 0 0.08 0.1 0.02 0 0.38 0.38 0.46 1.396 0.029 -0.18 0.72 
0 2.98023e-08 0.94 0.86 0 -0.08 0.64 0.6 0 0.24 0.26 0.2 1.396 0.029 0.66 0.7 
0 -0.18 0.14 0.1 0 -0.18 2.98023e-08 -0.06 0 1.42 1.42 1.36 1.396 0.029 0.68 0.68 
0 -0.04 1.02 0.94 0 -0.04 0.9 0.86 0 0.46 0.48 0.4 1.396 0.029 0.62 0.62 
0 0.92 0.92 0.86 0 0.8 0.84 0.76 0 0.9 0.92 0.88 1.396 0.029 -0.14 -0.08 
0 -0.04 0.8 0.74 0 0.24 0.6 1.2 0 1.42 1.42 1.36 1.396 0.029 0.54 0.54 
0 0.5 0.72 0.64 0 0.74 0.8 0.94 0 1.42 1.42 1.36 1.396 0.029 -0.18 -0.14 
0 0.72 0.76 0.7 0 0.34 0.9 0.82 0 0.82 0.82 0.78 1.396 0.029 0.66 0.68 
0 0.18 0.86 0.78 0 0.1 0.16 0.74 0 0.06 0.08 2.98023e-08 1.396 0.029 0.62 0.66 
0 -0.06 0.34 1.14 0 -0.18 -0.04 0.54 0 -0.14 -0.14 -0.12 1.396 0.029 0.72 0.76 
0 -0.04 -0.04 -0.1 0 -0.04 2.98023e-08 -0.06 0 0.94 1 1.2 1.396 0.029 0.6 0.64 
0 -0.18 0.68 0.66 0 -0.04 0.92 0.86 0 1.42 1.42 1.36 1.396 0.029 0.68 0.72 
0 0.04 0.06 0.58 0 0.48 0.54 0.86 0 1.42 1.42 1.36 1.396 0.029 0.52 0.56 
0 -0.04 -0.02 -0.1 0 -0.06 0.02 0.04 0 0.88 0.9 1.6 1.396 0.029 0.66 0.66 
0 -0.04 0.88 0.82 0 0.08 0.42 0.4 0 0.2 0.24 0.16 1.396 0.029 0.66 0.68 
0 0.18 0.82 0.78 0 0.28 0.6 0.54 0 0.48 0.48 0.42 1.396 0.029 0.56 0.56 
0 0.26 0.86 0.8 0 0.84 1.3 1.22 0 1.42 1.42 1.36 1.396 0.029 0.48 0.5 
0 0.24 0.64 0.58 0 0.36 0.46 0.94 0 1.42 1.42 1.36 1.396 0.029 0.44 0.48 
0 0.86 0.88 0.82 0 -0.1 0.92 0.88 0 0.16 0.48 0.42 1.396 0.029 0.78 0.8 
0 -0.18 0.68 0.62 0 -0.04 0.14 0.38 0 2.98023e-08 0.04 -0.02 1.396 0.029 0.72 0.74 
0 0.02 0.86 0.82 0 -0.16 0.84 0.76 0 0.38 0.42 0.34 1.396 0.029 0.62 0.64 
0 0.18 0.8 0.74 0 0.24 0.3 0.22 0 0.18 0.22 0.14 1.396 0.029 0.62 0.64 
0 0.3 0.34 0.4 0 0.06 0.08 0.02 0 0.36 0.38 0.38 1.396 0.029 0.46 0.5 
0 0.32 0.32 1.58 0 2.98023e-08 0.94 0.88 0 0.54 0.54 0.48 1.396 0.029 0.62 0.62 
0 0.04 0.54 0.5 0 0.28 0.3 0.22 0 1.42 1.42 1.36 1.396 0.029 0.62 0.62 
0 -0.04 0.94 0.88 0 -0.04 1.04 0.98 0 1.42 1.42 1.36 1.396 0.029 0.36 0.36 
0 -0.04 1.02 0.96 0 -0.04 0.92 0.84 0 0.42 0.46 0.42 1.396 0.029 0.66 0.68 
0 -0.18 0.68 0.6 0 -0.06 0.24 0.32 0 0.06 0.08 0.04 1.396 0.029 0.74 0.78 
0 -0.02 0.86 0.78 0 0.34 0.8 1.6 0 1.42 1.42 1.36 1.396 0.029 0.64 0.66 
0 0.3 0.36 1.28 0 0.2 0.68 0.62 0 0.52 0.54 0.5 1.396 0.029 0.54 0.56 
0 -0.12 0.88 0.82 0 0.2 0.94 0.86 0 1.42 1.42 1.36 1.396 0.029 0.64 0.64 
0 0.74 0.74 0.68 0 0.64 0.66 0.62 0 0.78 0.82 0.74 1.396 0.029 0.24 0.28 
0 0.32 0.38 0.3 0 0.28 0.32 0.24 0 0.78 0.78 0.74 1.396 0.029 -0.18 -0.14 
0 0.16 0.76 0.68 0 0.3 0.32 0.24 0 0.28 0.28 0.24 1.396 0.029 0.62 0.64 
0 0.78 0.82 0.74 0 0.86 0.86 0.82 0 1.42 1.42 1.36 1.396 0.029 -0.14 -0.02 
0 0.4 0.82 0.74 0 0.32 0.66 0.62 0 0.5 0.52 0.46 1.396 0.029 0.56 0.6 
0 0.08 0.86 0.82 0 0.4 0.44 0.78 0 1.42 1.42 1.36 1.396 0.029 0.42 0.44 
0 -0.12 -0.12 1.52 0 -0.16 0.16 0.92 0 0.08 0.14 0.08 1.396 0.029 0.86 0.94 
0 0.3 0.34 1.44 0 2.98023e-08 0.82 0.76 0 0.42 0.44 0.4 1.396 0.029 0.62 0.62 
0 -0.16 1.06 0.98 0 -0.16 1.02 0.94 0 0.52 0.52 0.46 1.396 0.029 0.6 0.6 
0 -0.08 0.92 0.86 0 0.32 0.48 1.52 0 1.42 1.42 1.36 1.396 0.029 0.64 0.64 
0 -0.14 0.52 0.64 0 -0.18 -0.02 0.1 0 -0.12 -0.12 -0.16 1.396 0.029 0.62 0.64 
0 -0.18 1.14 1.12 0 -0.04 0.9 0.86 0 0.26 0.66 0.58 1.396 0.029 0.68 0.68 
0 0.16 0.64 0.58 0 0.12 1.02 0.94 0 1.42 1.42 1.36 1.396 0.029 0.52 0.56 
0 -0.06 0.84 0.8 0 -0.16 1.06 1.02 0 1.42 1.42 1.36 1.396 0.029 0.64 0.66 
0 -0.1 0.9 0.82 0 2.98023e-08 1.02 0.96 0 1.42 1.42 1.36 1.396 0.029 0.56 0.6 
0 -0.18 0.38 0.48 0 -0.08 -0.08 1.6 0 1.42 1.42 1.36 1.396 0.029 0.82 0.86 
0 0.14 0.2 0.12 0 0.02 0.06 2.98023e-08 0 1.42 1.42 1.36 1.396 0.029 0.64 0.64 
0 -0.1 0.34 0.32 0 -0.18 0.96 0.9 0 1.42 1.42 1.36 1.396 0.029 0.68 0.72 
0 0.12 0.7 0.64 0 0.28 0.36 1.3 0 1.42 1.42 1.36 1.396 0.029 0.48 0.5 
0 0.28 0.54 1.28 0 0.16 0.72 0.66 0 0.4 0.4 0.34 1.396 0.029 0.64 0.64 
0 0.7 0.76 0.72 0 0.52 0.56 1.06 0 0.8 0.8 0.76 1.396 0.029 0.6 0.66 
0 0.14 0.76 0.68 0 0.38 0.44 1.32 0 1.42 1.42 1.36 1.396 0.029 0.44 0.48 
0 -0.1 0.96 0.88 0 -0.02 1.04 0.98 0 1.42 1.42 1.36 1.396 0.029 0.42 0.44 
0 2.98023e-08 0.86 0.82 0 0.48 0.54 1.26 0 1.42 1.42 1.36 1.396 0.029 0.6 0.62 
0 0.2 0.24 0.32 0 0.04 0.06 2.98023e-08 0 0.18 0.18 0.12 1.396 0.029 0.64 0.64 
0 0.8 0.88 0.88 0 0.56 0.92 0.84 0 0.88 0.88 0.86 1.396 0.029 -0.18 -0.02 
0 -0.18 0.14 0.08 0 -0.18 0.02 2.98023e-08 0 1.42 1.42 1.36 1.396 0.029 0.74 0.78 
0 2.98023e-08 2.98023e-08 -0.06 0 -0.04 2.98023e-08 -0.06 0 0.7 0.72 1.16 1.396 0.029 0.54 0.58 
0 0.14 0.16 0.14 0 -0.04 -0.04 -0.06 0 0.32 0.38 0.72 1.396 0.029 0.6 0.62 
0 -0.18 0.94 0.9 0 -0.08 0.88 0.82 0 0.14 0.68 0.6 1.396 0.029 0.68 0.7 
0 0.6 0.66 0.58 0 0.98 1.06 1.36 0 1.42 1.42 1.36 1.396 0.029 0.14 0.2 
0 -0.02 0.92 0.88 0 0.32 0.44 1.52 0 1.42 1.42 1.36 1.396 0.029 0.5 0.52 
0 -0.18 2.98023e-08 1 0 -0.06 0.5 0.86 0 1.42 1.42 1.36 1.396 0.029 0.78 0.78 
0 -0.18 0.96 0.88 0 0.4 0.66 1.14 0 1.42 1.42 1.36 1.396 0.029 0.54 0.58 
0 0.46 0.48 0.42 0 0.54 0.54 0.56 0 1.42 1.42 1.36 1.396 0.029 -0.18 -0.14 
0 -0.1 0.34 0.38 0 -0.18 0.04 2.98023e-08 0 0.04 0.04 2.98023e-08 1.396 0.029 0.82 0.88 
0 -0.06 1.02 0.98 0 0.22 0.8 0.72 0 0.62 0.66 0.58 1.396 0.029 0.44 0.46 
0 -0.18 0.46 0.82 0 -0.04 0.66 0.6 0 1.42 1.42 1.36 1.396 0.029 0.78 0.82 
0 -0.18 0.74 0.7 0 -0.16 0.72 0.68 0 1.42 1.42 1.36 1.396 0.029 0.58 0.58 
0 -0.18 0.8 0.76 0 0.14 0.16 1.6 0 1.42 1.42 1.36 1.396 0.029 0.66 0.66 
0 0.14 0.94 0.88 0 0.78 0.78 0.72 0 1.42 1.42 1.36 1.396 0.029 -0.14 -0.06 
0 0.66 0.66 0.78 0 0.58 0.66 0.62 0 0.8 0.8 0.74 1.396 0.029 0.24 0.32 
0 -0.18 0.76 0.68 0 -0.1 0.38 0.54 0 2.98023e-08 0.02 0.3 1.396 0.029 0.72 0.74 
0 -0.14 0.3 0.22 0 -0.16 0.4 0.32 0 1.42 1.42 1.36 1.396 0.029 0.66 0.66 
0 0.46 0.46 1.28 0 0.32 0.66 0.6 0 0.46 0.48 0.44 1.396 0.029 0.62 0.64 
0 -0.18 -0.12 0.82 0 -0.02 0.12 1.2 0 1.42 1.42 1.36 1.396 0.029 0.8 0.84 
0 0.4 0.44 1.4 0 0.12 0.84 0.78 0 0.48 0.52 0.44 1.396 0.029 0.62 0.66 
0 -0.08 0.66 0.58 0 -0.18 0.86 0.82 0 0.58 0.58 1.6 1.396 0.029 0.7 0.72 
0 0.48 0.52 0.44 0 0.34 0.34 0.28 0 0.5 0.54 0.46 1.396 0.029 0.6 0.6 
0 -0.08 0.36 0.36 0 -0.18 0.02 2.98023e-08 0 2.98023e-08 0.02 -0.04 1.396 0.029 0.72 0.72 
0 -0.18 0.32 0.28 0 -0.12 0.06 0.02 0 1.42 1.42 1.36 1.396 0.029 0.76 0.76 
0 -0.08 0.06 0.42 0 -0.14 0.76 0.72 0 0.2 1.1 1.04 1.396 0.029 0.7 0.74 
0 0.26 1.04 1.6 0 -0.04 0.94 0.88 0 0.36 0.58 0.5 1.396 0.029 0.66 0.7 
0 -0.06 0.86 0.78 0 -0.16 0.74 0.66 0 0.26 0.3 0.24 1.396 0.029 0.68 0.7 
0 0.2 0.86 0.82 0 0.2 0.86 0.82 0 1.42 1.42 1.36 1.396 0.029 0.18 0.22 
0 0.06 0.44 0.36 0 2.98023e-08 0.66 0.6 0 1.42 1.42 1.36 1.396 0.029 0.64 0.66 
0 0.5 0.6 0.82 0 0.58 0.58 0.98 0 1.42 1.42 1.36 1.396 0.029 -0.16 -0.16 
0 0.94 0.94 0.88 0 0.84 0.86 0.78 0 0.9 0.9 0.86 1.396 0.029 -0.18 0.92 
0 -0.1 0.84 0.76 0 -0.18 0.72 0.64 0 0.3 0.3 0.24 1.396 0.029 0.68 0.68 
0 0.2 0.9 0.82 0 0.2 0.86 0.78 0 0.68 0.7 0.62 1.396 0.029 0.38 0.4 
0 -0.16 0.94 0.88 0 0.38 0.68 1.1 0 1.42 1.42 1.36 1.396 0.029 0.54 0.54 
0 -0.16 1 0.92 0 -0.18 0.66 0.62 0 0.24 0.26 0.18 1.396 0.029 0.68 0.72 
0 -0.18 0.56 0.5 0 0.24 0.28 0.2 0 1.42 1.42 1.36 1.396 0.029 0.8 0.84 
0 0.36 0.36 0.3 0 0.32 0.34 0.3 0 0.78 0.8 0.74 1.396 0.029 0.6 0.6 
0 0.1 0.1 0.04 0 -0.02 -0.02 -0.06 0 0.78 0.82 1.5 1.396 0.029 0.54 0.54 
0 0.32 0.86 0.8 0 0.76 0.78 0.76 0 1.42 1.42 1.36 1.396 0.029 -0.14 -0.1 
0 0.6 0.72 0.86 0 0.4 0.76 0.72 0 0.7 0.72 0.64 1.396 0.029 0.54 0.56 
0 -0.18 -0.02 -0.04 0 -0.06 0.06 0.34 0 1.42 1.42 1.36 1.396 0.029 0.8 0.8 
0 0.02 0.54 0.48 0 0.3 0.34 0.28 0 1.42 1.42 1.36 1.396 0.029 0.58 0.62 
0 -0.04 1 0.92 0 -0.18 0.76 0.7 0 0.28 0.32 0.24 1.396 0.029 0.72 0.76 
0 -0.1 0.08 0.02 0 -0.02 0.14 0.12 0 1.42 1.42 1.36 1.396 0.029 0.66 0.7 
0 0.06 0.4 0.32 0 0.02 0.8 0.76 0 1.42 1.42 1.36 1.396 0.029 0.62 0.66 
0 0.26 0.82 0.76 0 0.32 0.48 0.44 0 0.3 0.32 0.26 1.396 0.029 0.62 0.64 
0 -0.18 0.98 0.92 0 -0.02 0.76 0.68 0 0.28 0.32 0.38 1.396 0.029 0.68 0.72 
0 -0.02 0.94 0.88 0 2.98023e-08 0.96 0.92 0 1.42 1.42 1.36 1.396 0.029 0.3 0.34 
0 -0.08 0.72 0.66 0 0.1 0.88 0.82 0 1.42 1.42 1.36 1.396 0.029 0.6 0.6 
0 0.26 0.52 0.48 0 -0.18 0.6 0.54 0 0.3 0.54 0.46 1.396 0.029 0.82 0.84 
0 0.2 0.2 0.22 0 0.02 0.04 2.98023e-08 0 0.86 0.9 1.46 1.396 0.029 0.5 0.52 
0 0.08 0.94 0.9 0 0.08 0.88 0.82 0 0.5 0.5 0.44 1.396 0.029 0.64 0.66 
0 -0.1 0.86 0.8 0 -0.18 0.76 0.72 0 0.46 0.86 0.86 1.396 0.029 0.72 0.72 
0 -0.18 0.2 1.52 0 -0.18 0.74 0.66 0 0.34 0.38 0.3 1.396 0.029 0.72 0.76 
0 -0.02 0.04 1.14 0 -0.14 -0.1 0.9 0 -0.18 -0.14 0.24 1.396 0.029 0.84 0.86 
0 -0.18 0.82 0.76 0 -0.18 0.64 0.56 0 0.22 0.24 0.18 1.396 0.029 0.72 0.72 
0 -0.18 2.98023e-08 0.06 0 -0.18 0.48 0.66 0 1.42 1.42 1.36 1.396 0.029 0.76 0.76 
0 0.2 0.92 0.88 0 0.1 0.76 0.68 0 0.42 0.44 0.38 1.396 0.029 0.64 0.66 
0 0.2 0.72 0.64 0 0.38 0.88 0.82 0 1.42 1.42 1.36 1.396 0.029 0.48 0.52 
0 -0.02 0.78 0.74 0 0.24 0.28 0.22 0 0.24 0.26 0.22 1.396 0.029 0.62 0.62 
0 -0.18 2.98023e-08 0.82 0 -0.06 0.82 0.8 0 0.7 0.76 1.38 1.396 0.029 0.66 0.7 
0 0.82 0.84 0.76 0 0.64 0.66 0.66 0 0.8 0.82 0.74 1.396 0.029 0.38 0.38 
