-0.669027 0.541653 -0.508935 1.48476 27.5527 15.5333 39.7708
0.519245 0.849671 -0.0918914 2.99283 53.5946 55.1454 186.654
0.897748 -0.22494 -0.378749 2.61415 145.983 63.2545 137.062
-0.244154 0.724583 0.644491 3.11258 92.5134 -127.786 61.1154
0.8473 -0.38804 0.362638 2.27739 34.6299 62.4309 92.5385
0.480827 0.871484 -0.0965507 3.20631 64.9208 44.978 205.572
0.743854 -0.546018 -0.385417 1.6634 167.555 95.6332 39.1974
0.63463 -0.350097 0.688968 0.575441 72.4946 113.55 -103.45
-0.514214 0.844418 0.150143 3.45327 112.598 23.509 162.361
-0.413038 0.71152 -0.568453 2.15741 30.4613 28.1508 45.9518
0.623772 0.777198 -0.0828959 3.28728 77.4894 24.4707 192.89
-0.457134 0.869503 -0.187065 3.04576 32.3929 37.0098 139.179
0.729146 -0.681966 0.0571659 2.18168 116.094 125.714 122.068
0.376066 0.925829 0.0376284 3.12261 44.2339 11.27 179.55
0.919806 -0.239874 -0.31051 2.06205 147.321 168.013 64.5585
-0.175986 -0.28364 -0.942644 1.32967 81.8523 -58.2981 -104.113
0.970513 -0.0718084 -0.230103 3.15303 111.866 20.3348 176.803
0.998884 -0.0192102 -0.0431566 4.42477 50.79 -92.5598 89.0744
0.760277 0.638328 -0.12048 3.54497 111.816 -8.06567 158.373
0.000778275 0.718873 -0.695141 2.36485 41.3136 39.6983 44.1179
