-0.669027 0.541653 -0.508935 1.48476 27.5527 15.5333 39.7708
0.519245 0.849671 -0.0918914 2.99283 53.5946 55.1454 186.654
0.897748 -0.22494 -0.378749 2.61415 145.983 63.2545 137.062
-0.244154 0.724583 0.644491 3.11258 92.5134 -127.786 61.1154
0.8473 -0.38804 0.362638 2.27739 34.6299 62.4309 92.5385
0.480827 0.871484 -0.0965507 3.20631 64.9208 44.978 205.572
0.743854 -0.546018 -0.385417 1.6634 167.555 95.6332 39.1974
0.63463 -0.350097 0.688968 0.575441 72.4946 113.55 -103.45
-0.514214 0.844418 0.150143 3.45327 112.598 23.509 162.361
-0.413038 0.71152 -0.568453 2.15741 30.4613 28.1508 45.9518
0.623772 0.777198 -0.0828959 3.28728 77.4894 24.4707 192.89
-0.457134 0.869503 -0.187065 3.04576 32.3929 37.0098 139.179
0.729146 -0.681966 0.0571659 2.18168 116.094 125.714 122.068
0.376066 0.925829 0.0376284 3.12261 44.2339 11.27 179.55
0.919806 -0.239874 -0.31051 2.06205 147.321 168.013 64.5585
-0.175986 -0.28364 -0.942644 1.32967 81.8523 -58.2981 -104.113
0.970513 -0.0718084 -0.230103 3.15303 111.866 20.3348 176.803
0.998884 -0.0192102 -0.0431566 4.42477 50.79 -92.5598 89.0744
0.760277 0.638328 -0.12048 3.54497 111.816 -8.06567 158.373
0.000778275 0.718873 -0.695141 2.36485 41.3136 39.6983 44.1179
0.171433 0.967641 0.185155 2.16221 41.5893 31.2623 53.0295
-0.832585 -0.537949 -0.131958 1.57351 104.559 -96.0971 54.0277
0.838381 -0.25011 -0.484317 2.52749 170.023 59.5236 102.574
0.885351 0.242973 -0.39638 4.39511 142.127 -77.3641 60.0651
0.309864 0.301927 0.901568 2.11856 28.2388 -4.27688 36.7721
0.873276 -0.440009 0.209242 2.21079 49.4686 143.904 141.366
1.01202e-08 -8.72909e-09 1 1.87935 50.1608 32.1454 6.73551
0.98802 0.0952891 -0.121394 4.35505 79.3529 -99.2109 97.0194
0.0541655 0.994867 0.0854703 3.75954 166.576 -10.2146 139.679
0.312597 0.65912 0.683991 3.13346 19.3208 -46.4465 119.924
