0.5 0.0863787 0.453532 0.57832 0.5 0.14175 0.166755 0.979404 0.5 0.894795 0.846521 0.860163 1 0.105678 0.463175 0.447634 
0.5 0.108527 0.103027 0.101355 0.5 0.14175 0.134891 0.383198 0.5 0.894795 0.846521 0.860163 1 0.105678 0.452264 0.447634 
0.5 0.00885936 0.44291 0.459079 0.5 0.0420819 0.464153 0.469919 0.5 0.894795 0.846521 0.860163 1 0.105678 0.463175 0.458267 
0.5 0.341085 0.580988 0.58916 0.5 0.0974529 0.538502 0.55664 0.5 0.27464 0.411046 0.426558 1 0.105678 0.463175 0.447634 
0.5 0.00885936 0.0924057 0.675881 0.5 0.130676 0.134891 0.816802 0.5 0.27464 0.262347 0.675881 1 0.105678 0.725041 0.755981 
0.5 0.00885936 0.198619 0.437398 0.5 0.0199336 0.209241 0.502439 0.5 0.894795 0.846521 0.860163 1 0.105678 0.626841 0.607124 
0.5 0.119601 0.474774 0.480759 0.5 0.174972 0.400425 0.6 0.5 0.894795 0.846521 0.860163 1 0.105678 0.364975 0.35194 
0.5 0.27464 0.453532 0.459079 0.5 0.894795 0.846521 0.860163 0.5 0.894795 0.846521 0.860163 1 0.105678 0.364975 0.362573 
0.5 0.208195 0.262347 0.253117 0.5 0.241417 0.219862 0.220596 0.5 0.894795 0.846521 0.860163 1 0.105678 0.40862 0.405104 
0.5 0.252492 0.251726 0.751761 0.5 0.230343 0.219862 0.827642 0.5 0.894795 0.846521 0.860163 1 0.105678 0.430442 0.415736 
0.5 0.0420819 0.326075 0.404878 0.5 0.00885936 0.294211 0.307317 0.5 0.894795 0.846521 0.860163 1 0.105678 0.495908 0.490165 
0.5 0.0642303 0.0499203 0.0796748 0.5 0.0642303 0.071163 0.0905149 0.5 0.496124 0.464153 0.491599 1 0.105678 0.386798 0.373206 
0.5 0.0642303 0.44291 0.459079 0.5 0.186047 0.51726 0.513279 0.5 0.894795 0.846521 0.860163 1 0.105678 0.430442 0.426369 
0.5 0.0531561 0.251726 0.274797 0.5 0.00885936 0.156134 0.155556 0.5 0.894795 0.846521 0.860163 1 0.105678 0.452264 0.447634 
0.5 0.40753 0.432289 0.448238 0.5 0.894795 0.846521 0.860163 0.5 0.894795 0.846521 0.860163 1 0.105678 0.40862 0.383838 
0.5 0.507198 0.485396 0.491599 0.5 0.341085 0.357939 0.654201 0.5 0.451827 0.485396 0.55664 1 0.105678 0.441353 0.415736 
0.5 0.108527 0.326075 0.361518 0.5 0.130676 0.294211 0.285637 0.5 0.894795 0.846521 0.860163 1 0.105678 0.463175 0.447634 
0.5 0.00885936 0.496017 0.513279 0.5 0.0420819 0.400425 0.57832 0.5 0.108527 0.12427 0.415718 1 0.105678 0.474086 0.447634 
0.5 0.186047 0.485396 0.480759 0.5 0.0863787 0.326075 0.339837 0.5 0.894795 0.846521 0.860163 1 0.105678 0.441353 0.437002 
0.5 0.219269 0.241105 0.773442 0.5 0.0310078 0.549124 0.56748 0.5 0.307863 0.294211 0.296477 1 0.105678 0.463175 0.458267 


0.5 0.341085 0.315454 0.415718 0.5 0.363234 0.336697 0.339837 0.5 0.894795 0.846521 0.860163 1 0.105678 0.10311 0.096757 

0.5 0.00885936 0.474774 0.502439 0.5 0.0310078 0.453532 0.448238 0.5 0.318937 0.304833 0.296477 1 0.105678 0.474086 0.4689 

0.5 0.108527 0.453532 0.459079 0.5 0.14175 0.44291 0.469919 0.5 0.894795 0.846521 0.860163 1 0.105678 0.430442 0.415736 

0.5 0.163898 0.294211 0.795122 0.5 0.0310078 0.51726 0.524119 0.5 0.341085 0.326075 0.339837 1 0.105678 0.441353 0.437002 

0.5 0.208195 0.687201 0.708401 0.5 0.00885936 0.453532 0.448238 0.5 0.219269 0.570366 0.860163 1 0.105678 0.51773 0.51143 

0.5 0.00885936 0.166755 0.57832 0.5 0.0420819 0.187998 0.827642 0.5 0.894795 0.846521 0.860163 1 0.105678 0.51773 0.522063 

0.5 0.0974529 0.0924058 0.0796748 0.5 0.108527 0.113648 0.112195 0.5 0.894795 0.846521 0.860163 1 0.105678 0.40862 0.394471 

0.5 0.00885936 0.506638 0.524119 0.5 0.0420819 0.411046 0.56748 0.5 0.208195 0.198619 0.188076 1 0.105678 0.484997 0.458267 

0.5 0.385382 0.368561 0.361518 0.5 0.341085 0.315454 0.328997 0.5 0.562569 0.527881 0.545799 1 0.105678 0.332242 0.330675 

0.5 0.163898 0.145512 0.166396 0.5 0.00885936 0.0180563 0.155556 0.5 0.0420819 0.0286776 0.534959 1 0.105678 0.746863 0.724083 