0 -0.04 0.68 0.84 0 0.06 0.14 1.58 0 1.42 1.42 1.36 1.396 0.029 0.66 0.68 
0 -2.98023e-08 0.02 -0.04 0 0.06 0.08 0.48 0 1.42 1.42 1.36 1.396 0.029 0.64 0.68 
0 -0.18 0.66 0.62 0 -0.12 0.7 0.64 0 1.42 1.42 1.36 1.396 0.029 0.66 0.7 
0 0.42 0.92 0.86 0 -0.02 0.84 0.8 0 0.3 0.6 0.56 1.396 0.029 0.66 0.68 
0 -0.18 -2.98023e-08 1.02 0 0.04 0.08 1.28 0 0.3 0.32 1.02 1.396 0.029 1.14 1.26 
0 -0.18 0.2 0.58 0 -0.16 0.22 0.7 0 1.42 1.42 1.36 1.396 0.029 0.96 0.98 
0 0.02 0.72 0.66 0 0.12 0.58 0.88 0 1.42 1.42 1.36 1.396 0.029 0.48 0.5 
0 0.3 0.68 0.62 0 1.42 1.42 1.36 0 1.42 1.42 1.36 1.396 0.029 0.48 0.52 
0 0.18 0.32 0.24 0 0.24 0.24 0.18 0 1.42 1.42 1.36 1.396 0.029 0.56 0.6 
0 0.26 0.3 1.16 0 0.22 0.24 1.3 0 1.42 1.42 1.36 1.396 0.029 0.6 0.62 
0 -0.12 0.44 0.52 0 -0.18 0.38 0.34 0 1.42 1.42 1.36 1.396 0.029 0.72 0.76 
0 -0.08 -0.08 -0.08 0 -0.08 -0.04 -0.06 0 0.7 0.7 0.68 1.396 0.029 0.52 0.54 
0 -0.08 0.66 0.62 0 0.14 0.8 0.72 0 1.42 1.42 1.36 1.396 0.029 0.6 0.64 
0 -0.1 0.3 0.28 0 -0.18 0.12 0.06 0 1.42 1.42 1.36 1.396 0.029 0.64 0.68 
0 0.54 0.64 0.6 0 1.42 1.42 1.36 0 1.42 1.42 1.36 1.396 0.029 0.56 0.56 
0 0.72 0.74 0.68 0 0.42 0.5 0.98 0 0.62 0.74 0.8 1.396 0.029 0.62 0.62 
0 -2.98023e-08 0.44 0.44 0 0.04 0.38 0.3 0 1.42 1.42 1.36 1.396 0.029 0.66 0.68 
0 -0.18 0.76 0.72 0 -0.12 0.58 0.84 0 2.98023e-08 0.06 0.54 1.396 0.029 0.68 0.68 
0 0.14 0.74 0.66 0 -0.04 0.44 0.4 0 1.42 1.42 1.36 1.396 0.029 0.62 0.66 
0 0.2 0.28 1.2 0 -0.14 0.86 0.82 0 0.36 0.38 0.32 1.396 0.029 0.66 0.7 
