0.501769 -0.558928 -0.660172 3.01738 102.508 -88.4466 9.83855
0.66593 -0.744703 0.0442196 5.10451 -92.9167 -88.0654 -46.619
0.52655 -0.545752 0.651844 4.82234 -118.971 -31.535 -57.8159
0.303281 -0.324399 0.895984 3.19955 -76.0908 83.6854 -77.1742
0.659171 -0.751973 -0.0054562 5.53267 -68.7839 -70.1017 -95.1127
0.656754 -0.724996 0.207496 4.86434 -110.774 -77.0719 -18.6958
0.431189 -0.439836 -0.787794 2.57588 116.496 -50.1452 -48.9964
0.505858 -0.513953 -0.692791 4.61226 -7.87485 -124.312 -57.1093
0.444727 -0.472869 0.760666 4.66348 -117.055 -11.5135 -69.1017
0.401481 -0.462685 -0.790402 3.15802 87.7374 -95.2889 -40.4738
0.645529 -0.702726 0.299113 4.39606 -122.01 -49.8491 34.5723
0.208587 -0.251883 -0.945011 2.34819 64.3952 -30.4055 -115.964
0.488963 -0.507693 -0.70934 3.85018 47.0404 -126.536 -19.5597
0.655558 -0.755144 -0.00147387 3.82907 -56.7295 -59.9054 108.573
0.349871 -0.359804 -0.864946 3.03052 89.0017 -71.5525 -73.953
0.664482 -0.686427 0.295437 1.9655 56.7845 118.502 32.4216
0.353288 -0.373781 -0.857598 1.88641 95.7531 -10.0936 -96.2412
0.436765 -0.520129 -0.733963 0.767181 56.8206 18.733 -122.494
0.511702 -0.54521 -0.664008 1.86713 127.854 1.40892 -47.015
0.0439545 -0.0492921 -0.997817 1.66692 4.15673 -1.24961 -135.536
